Size Id Time Ancestor
2 0   0.0 0
1 2  50.0 0
1 5  50.0 0
1 1  50.0 0
1 9  50.0 0
1 8  50.0 0
1 10  50.0 0
1 7  50.0 0
1 11  50.0 0
1 6  50.0 0
1 13  50.0 0
1 19  50.0 0
1 14  50.0 0
1 15  50.0 0
1 18  50.0 0
1 4  50.0 0
1 22  50.0 0
1 16  50.0 0
1 21  50.0 0
1 3  50.0 0
1 20  50.0 0
1 24  50.0 0
1 17  50.0 0
1 27  50.0 0
1 30  50.0 0
1 26  50.0 0
1 32  50.0 0
1 28  50.0 0
1 33  50.0 0
1 34  50.0 0
1 37  50.0 0
1 38  50.0 0
1 41  50.0 0
1 39  50.0 0
1 40  50.0 0
1 42  50.0 0
1 35  50.0 0
1 31  50.0 0
1 36  50.0 0
1 47  50.0 0
1 48  50.0 0
1 46  50.0 0
1 49  50.0 0
1 45  50.0 0
1 50  50.0 0
1 52  50.0 0
1 23  50.0 0
1 55  50.0 0
1 56  50.0 0
1 60  50.0 0
1 54  50.0 0
1 63  50.0 58
1 57  50.0 0
1 64  50.0 0
1 65  50.0 0
1 66  50.0 0
1 68  50.0 0
1 69  50.0 0
1 70  50.0 0
1 61  50.0 0
1 71  50.0 0
1 29  50.0 0
1 62  50.0 0
9720 0  50.0 0
19 12  50.0 0
20 24  50.0 0
4 25  50.0 0
2 43  50.0 0
10 44  50.0 0
5 51  50.0 0
7 53  50.0 0
1 58  50.0 0
1 59  50.0 0
3 67  50.0 0
1 72  50.0 0
1 73  50.0 0
1 58 100.0 0
1 73 100.0 0
1 59 100.0 0
1 75 100.0 0
1 74 100.0 0
1 76 100.0 0
1 67 100.0 0
1 78 100.0 0
1 25 100.0 0
1 44 100.0 0
1 72 100.0 0
1 80 100.0 0
1 84 100.0 0
1 83 100.0 0
1 79 100.0 0
1 81 100.0 0
1 85 100.0 0
1 89 100.0 0
1 90 100.0 0
1 86 100.0 0
1 88 100.0 0
1 92 100.0 0
1 98 100.0 0
1 99 100.0 0
1 100 100.0 0
1 101 100.0 0
1 102 100.0 0
1 91 100.0 0
1 96 100.0 0
1 97 100.0 0
1 105 100.0 0
1 82 100.0 0
1 106 100.0 0
1 108 100.0 0
1 110 100.0 0
1 109 100.0 0
1 111 100.0 0
1 103 100.0 0
1 104 100.0 0
1 95 100.0 0
1 115 100.0 0
1 112 100.0 0
1 114 100.0 0
1 118 100.0 0
1 116 100.0 0
1 120 100.0 0
1 77 100.0 0
1 122 100.0 0
1 123 100.0 0
1 124 100.0 0
1 117 100.0 0
1 113 100.0 0
1 125 100.0 0
1 126 100.0 0
1 130 100.0 0
1 131 100.0 0
1 119 100.0 0
1 134 100.0 0
1 129 100.0 0
1 137 100.0 0
1 139 100.0 0
1 121 100.0 0
1 133 100.0 0
1 144 100.0 93
1 140 100.0 0
1 145 100.0 128
1 147 100.0 0
1 138 100.0 0
1 147 100.0 0
1 148 100.0 0
1 127 100.0 0
1 136 100.0 0
1 141 100.0 0
1 150 100.0 0
1 152 100.0 0
1 153 100.0 0
1 53 100.0 0
1 132 100.0 0
1 142 100.0 0
1 156 100.0 0
1 155 100.0 0
1 143 100.0 0
1 154 100.0 0
1 157 100.0 0
1 159 100.0 0
1 135 100.0 0
1 158 100.0 0
1 165 100.0 0
1 24 100.0 0
1 169 100.0 0
1 94 100.0 0
1 160 100.0 0
1 163 100.0 0
1 167 100.0 0
1 168 100.0 128
1 170 100.0 0
1 173 100.0 0
9743 0 100.0 0
2 12 100.0 0
15 43 100.0 0
4 51 100.0 0
21 87 100.0 0
10 93 100.0 0
20 107 100.0 0
28 128 100.0 0
1 146 100.0 0
2 149 100.0 0
12 151 100.0 0
8 161 100.0 0
14 162 100.0 0
7 164 100.0 0
2 166 100.0 0
2 171 100.0 0
2 172 100.0 0
1 174 100.0 0
1 175 100.0 0
1 176 100.0 0
1 12 150.0 0
1 146 150.0 0
1 166 150.0 0
1 172 150.0 0
1 176 150.0 0
1 149 150.0 0
1 175 150.0 0
1 177 150.0 0
1 51 150.0 0
1 174 150.0 0
1 180 150.0 0
1 178 150.0 0
1 184 150.0 0
1 107 150.0 0
1 185 150.0 0
1 183 150.0 0
1 151 150.0 0
1 164 150.0 0
1 186 150.0 0
1 171 150.0 0
1 182 150.0 0
1 188 150.0 0
1 179 150.0 0
1 187 150.0 0
1 191 150.0 0
1 93 150.0 0
1 161 150.0 0
1 190 150.0 0
1 192 150.0 0
1 194 150.0 0
1 196 150.0 0
1 197 150.0 0
1 189 150.0 0
1 195 150.0 0
1 199 150.0 0
1 193 150.0 0
1 198 150.0 0
1 200 150.0 0
1 201 150.0 128
1 181 150.0 0
1 206 150.0 0
1 204 150.0 0
1 205 150.0 0
1 211 150.0 0
1 203 150.0 0
1 209 150.0 0
1 202 150.0 0
1 212 150.0 0
1 214 150.0 0
1 210 150.0 0
1 215 150.0 0
1 216 150.0 0
1 213 150.0 0
1 218 150.0 0
1 219 150.0 0
1 220 150.0 0
1 217 150.0 0
1 223 150.0 0
1 226 150.0 0
1 228 150.0 0
1 224 150.0 0
1 225 150.0 0
1 227 150.0 0
1 222 150.0 0
1 229 150.0 0
1 233 150.0 0
1 231 150.0 0
1 232 150.0 0
1 43 150.0 0
1 221 150.0 0
1 230 150.0 0
1 238 150.0 0
1 237 150.0 0
1 241 150.0 0
1 243 150.0 0
1 234 150.0 0
1 242 150.0 0
1 246 150.0 0
1 249 150.0 0
1 251 150.0 0
1 252 150.0 0
1 254 150.0 0
1 247 150.0 0
1 255 150.0 0
1 240 150.0 0
1 260 150.0 0
9911 0 150.0 0
65 87 150.0 0
19 128 150.0 0
20 162 150.0 0
39 207 150.0 0
3 208 150.0 0
3 235 150.0 0
7 236 150.0 0
5 239 150.0 0
15 244 150.0 0
10 245 150.0 0
4 248 150.0 0
2 250 150.0 0
5 253 150.0 0
2 256 150.0 0
4 257 150.0 0
1 258 150.0 0
1 259 150.0 0
1 261 150.0 0
1 262 150.0 0
1 263 150.0 0
1 258 200.0 0
1 259 200.0 0
1 261 200.0 0
1 262 200.0 0
1 264 200.0 0
1 266 200.0 0
1 257 200.0 0
1 263 200.0 0
1 265 200.0 0
1 270 200.0 0
1 263 200.0 0
1 272 200.0 0
1 245 200.0 0
1 250 200.0 0
1 268 200.0 0
1 269 200.0 0
1 274 200.0 0
1 256 200.0 0
1 271 200.0 0
1 275 200.0 0
1 276 200.0 0
1 267 200.0 0
1 278 200.0 87
1 280 200.0 0
1 281 200.0 0
1 282 200.0 0
1 283 200.0 0
1 284 200.0 0
1 273 200.0 0
1 290 200.0 0
1 291 200.0 0
1 293 200.0 0
1 239 200.0 0
1 286 200.0 0
1 287 200.0 0
1 288 200.0 0
1 295 200.0 0
1 296 200.0 0
1 297 200.0 0
1 304 200.0 0
1 235 200.0 0
1 279 200.0 0
1 289 200.0 0
1 300 200.0 0
1 305 200.0 0
1 301 200.0 0
1 303 200.0 0
1 277 200.0 0
1 302 200.0 0
1 306 200.0 0
1 309 200.0 0
1 310 200.0 0
1 285 200.0 0
1 311 200.0 0
1 299 200.0 0
1 312 200.0 0
1 292 200.0 0
1 298 200.0 0
1 307 200.0 0
1 315 200.0 0
1 317 200.0 0
1 318 200.0 0
1 319 200.0 0
1 320 200.0 0
1 294 200.0 0
1 314 200.0 0
1 321 200.0 0
1 325 200.0 0
1 308 200.0 0
1 330 200.0 0
1 328 200.0 0
1 329 200.0 0
1 331 200.0 0
1 333 200.0 208
1 334 200.0 0
1 339 200.0 0
1 316 200.0 0
1 332 200.0 0
1 327 200.0 0
1 338 200.0 0
1 342 200.0 0
1 343 200.0 0
1 345 200.0 0
1 346 200.0 0
1 347 200.0 0
1 336 200.0 0
1 340 200.0 333
1 348 200.0 0
1 350 200.0 0
1 352 200.0 0
1 353 200.0 0
1 354 200.0 0
1 349 200.0 0
1 356 200.0 0
1 351 200.0 87
1 358 200.0 0
1 323 200.0 0
1 357 200.0 0
1 359 200.0 0
1 361 200.0 0
1 363 200.0 128
1 335 200.0 0
1 360 200.0 0
1 362 200.0 0
9559 0 200.0 0
60 87 200.0 0
38 128 200.0 0
9 162 200.0 0
16 207 200.0 0
26 208 200.0 0
10 236 200.0 0
14 244 200.0 0
6 248 200.0 0
49 253 200.0 0
16 313 200.0 0
21 322 200.0 0
12 324 200.0 0
29 326 200.0 0
16 337 200.0 0
7 341 200.0 0
8 344 200.0 0
3 355 200.0 0
1 364 200.0 0
4 365 200.0 0
1 366 200.0 0
1 367 200.0 0
1 368 200.0 0
1 369 200.0 0
1 368 250.0 0
1 367 250.0 0
1 371 250.0 0
1 372 250.0 0
1 355 250.0 0
1 370 250.0 0
1 373 250.0 0
1 374 250.0 0
1 337 250.0 0
1 365 250.0 0
1 377 250.0 0
1 378 250.0 0
1 341 250.0 0
1 377 250.0 0
1 366 250.0 0
1 369 250.0 0
1 375 250.0 0
1 380 250.0 0
1 379 250.0 0
1 381 250.0 0
1 382 250.0 364
1 385 250.0 0
1 376 250.0 0
1 383 250.0 0
1 386 250.0 0
1 390 250.0 0
1 392 250.0 0
1 389 250.0 0
1 394 250.0 0
1 396 250.0 0
1 401 250.0 0
1 364 250.0 0
1 398 250.0 0
1 402 250.0 0
1 400 250.0 0
1 403 250.0 0
1 404 250.0 0
1 405 250.0 0
1 408 250.0 0
1 387 250.0 0
1 411 250.0 0
1 326 250.0 0
1 384 250.0 0
1 397 250.0 0
1 412 250.0 0
1 406 250.0 322
1 414 250.0 0
1 208 250.0 0
1 413 250.0 0
1 409 250.0 0
1 128 250.0 0
1 418 250.0 0
1 248 250.0 0
1 410 250.0 0
1 415 250.0 0
1 419 250.0 0
1 423 250.0 0
1 415 250.0 0
1 420 250.0 0
1 424 250.0 236
1 422 250.0 0
1 427 250.0 0
1 421 250.0 0
1 87 250.0 0
1 430 250.0 0
1 324 250.0 0
1 393 250.0 0
1 416 250.0 0
1 428 250.0 0
1 433 250.0 0
1 434 250.0 0
1 437 250.0 344
1 435 250.0 0
1 436 250.0 0
1 426 250.0 0
1 435 250.0 0
1 417 250.0 0
1 439 250.0 0
9479 0 250.0 0
31 162 250.0 0
8 207 250.0 0
164 236 250.0 0
49 244 250.0 0
26 253 250.0 0
7 313 250.0 0
50 322 250.0 0
7 344 250.0 0
19 366 250.0 0
5 388 250.0 0
40 391 250.0 0
66 395 250.0 0
8 399 250.0 0
21 407 250.0 0
2 425 250.0 0
4 429 250.0 0
16 431 250.0 0
1 432 250.0 0
2 438 250.0 0
2 440 250.0 0
1 425 300.0 0
1 313 300.0 0
1 438 300.0 0
1 440 300.0 0
1 441 300.0 0
1 442 300.0 0
1 443 300.0 0
1 446 300.0 236
1 388 300.0 0
1 432 300.0 0
1 399 300.0 0
1 444 300.0 0
1 448 300.0 0
1 449 300.0 0
1 450 300.0 395
1 451 300.0 0
1 452 300.0 0
1 455 300.0 0
1 454 300.0 0
1 458 300.0 0
1 447 300.0 236
1 459 300.0 0
1 460 300.0 0
1 464 300.0 0
1 466 300.0 162
1 467 300.0 0
1 468 300.0 0
1 457 300.0 0
1 471 300.0 0
1 472 300.0 0
1 462 300.0 0
1 475 300.0 0
1 476 300.0 366
1 465 300.0 0
1 474 300.0 0
1 479 300.0 0
1 463 300.0 0
1 478 300.0 0
1 480 300.0 0
1 453 300.0 0
1 481 300.0 0
1 484 300.0 236
1 482 300.0 0
1 253 300.0 0
1 486 300.0 0
1 488 300.0 0
1 489 300.0 0
1 492 300.0 0
1 485 300.0 0
1 490 300.0 0
1 496 300.0 366
1 497 300.0 236
1 344 300.0 0
1 498 300.0 0
1 445 300.0 0
1 456 300.0 0
1 503 300.0 0
1 504 300.0 0
1 506 300.0 429
1 501 300.0 0
1 494 300.0 0
1 500 300.0 0
1 502 300.0 0
1 508 300.0 0
1 511 300.0 0
1 509 300.0 0
1 244 300.0 0
1 514 300.0 491
1 515 300.0 461
1 512 300.0 0
1 516 300.0 0
1 513 300.0 162
1 499 300.0 0
1 505 300.0 0
1 518 300.0 0
1 520 300.0 0
9462 0 300.0 0
45 162 300.0 0
4 207 300.0 0
61 236 300.0 0
34 322 300.0 0
47 366 300.0 0
9 391 300.0 0
34 395 300.0 0
37 407 300.0 0
43 429 300.0 0
46 431 300.0 0
10 461 300.0 0
34 469 300.0 0
20 470 300.0 0
42 473 300.0 0
14 477 300.0 0
9 483 300.0 0
6 487 300.0 0
46 491 300.0 0
63 493 300.0 0
17 495 300.0 0
3 507 300.0 0
4 510 300.0 0
1 517 300.0 0
4 519 300.0 162
1 521 300.0 0
1 522 300.0 0
1 523 300.0 0
1 207 350.0 0
1 483 350.0 0
1 517 350.0 0
1 521 350.0 0
1 522 350.0 0
1 528 350.0 0
1 507 350.0 0
1 527 350.0 0
1 529 350.0 0
1 526 350.0 0
1 530 350.0 0
1 477 350.0 0
1 523 350.0 0
1 531 350.0 0
1 534 350.0 0
1 487 350.0 0
1 533 350.0 0
1 537 350.0 0
1 538 350.0 0
1 540 350.0 0
1 541 350.0 0
1 487 350.0 0
1 525 350.0 473
1 535 350.0 0
1 547 350.0 0
1 548 350.0 493
1 549 350.0 0
1 532 350.0 0
1 543 350.0 0
1 544 350.0 0
1 550 350.0 0
1 552 350.0 0
1 553 350.0 0
1 546 350.0 0
1 554 350.0 519
1 555 350.0 0
1 555 350.0 0
1 557 350.0 0
1 558 350.0 469
1 560 350.0 0
1 564 350.0 366
1 510 350.0 0
1 391 350.0 0
1 563 350.0 0
1 565 350.0 0
1 567 350.0 0
1 551 350.0 0
1 556 350.0 0
1 571 350.0 0
1 573 350.0 0
1 572 350.0 0
1 574 350.0 0
1 561 350.0 0
1 577 350.0 0
1 579 350.0 0
1 570 350.0 0
1 575 350.0 0
1 582 350.0 0
1 562 350.0 0
1 581 350.0 0
1 584 350.0 0
1 580 350.0 0
1 585 350.0 0
1 586 350.0 0
1 587 350.0 0
1 569 350.0 0
1 576 350.0 0
1 431 350.0 0
1 545 350.0 0
1 583 350.0 0
1 589 350.0 0
1 591 350.0 0
1 519 350.0 162
1 590 350.0 0
1 592 350.0 0
1 594 350.0 0
1 598 350.0 0
1 568 350.0 0
1 593 350.0 0
1 595 350.0 0
1 602 350.0 0
1 603 350.0 0
1 604 350.0 0
1 605 350.0 0
1 606 350.0 0
1 607 350.0 0
1 608 350.0 0
1 236 350.0 0
1 604 350.0 0
1 610 350.0 536
1 599 350.0 395
1 611 350.0 0
1 612 350.0 0
1 615 350.0 0
1 617 350.0 524
1 620 350.0 0
1 622 350.0 366
1 621 350.0 0
1 597 350.0 0
1 601 350.0 0
1 623 350.0 495
8935 0 350.0 0
34 162 350.0 0
75 322 350.0 0
108 366 350.0 0
22 395 350.0 0
71 407 350.0 0
116 429 350.0 0
104 461 350.0 0
1 469 350.0 0
68 470 350.0 0
36 473 350.0 0
12 491 350.0 0
54 493 350.0 0
99 495 350.0 0
28 524 350.0 469
35 536 350.0 0
7 539 350.0 0
27 542 350.0 162
21 559 350.0 0
16 566 350.0 0
40 578 350.0 0
2 588 350.0 0
6 596 350.0 473
27 600 350.0 0
2 609 350.0 0
5 613 350.0 0
2 614 350.0 0
4 616 350.0 0
1 618 350.0 0
7 619 350.0 0
1 624 350.0 0
1 625 350.0 536
1 539 400.0 0
1 614 400.0 0
1 619 400.0 0
1 566 400.0 0
1 618 400.0 0
1 626 400.0 0
1 491 400.0 0
1 588 400.0 0
1 609 400.0 0
1 624 400.0 0
1 631 400.0 0
1 469 400.0 0
1 559 400.0 0
1 625 400.0 536
1 632 400.0 0
1 633 400.0 0
1 635 400.0 0
1 596 400.0 473
1 630 400.0 0
1 628 400.0 0
1 638 400.0 0
1 639 400.0 0
1 637 400.0 0
1 640 400.0 0
1 642 400.0 0
1 646 400.0 0
1 524 400.0 469
1 649 400.0 0
1 647 400.0 429
1 645 400.0 0
1 648 400.0 0
1 651 400.0 0
1 643 400.0 461
1 652 400.0 0
1 650 400.0 0
1 656 400.0 0
1 657 400.0 0
1 658 400.0 0
1 659 400.0 0
1 662 400.0 0
1 661 400.0 0
1 664 400.0 0
1 665 400.0 0
1 670 400.0 0
1 671 400.0 0
1 641 400.0 0
1 668 400.0 0
1 669 400.0 0
1 677 400.0 495
1 674 400.0 366
1 675 400.0 461
1 407 400.0 0
1 653 400.0 0
1 672 400.0 616
1 681 400.0 461
1 679 400.0 0
1 683 400.0 0
1 667 400.0 461
1 673 400.0 0
1 641 400.0 0
1 676 400.0 627
1 685 400.0 0
1 687 400.0 366
1 689 400.0 542
1 629 400.0 395
1 680 400.0 0
1 688 400.0 461
1 691 400.0 429
1 684 400.0 0
1 695 400.0 429
1 690 400.0 0
1 693 400.0 0
1 696 400.0 0
1 654 400.0 0
1 697 400.0 0
1 699 400.0 0
1 616 400.0 0
1 162 400.0 0
1 636 400.0 0
1 682 400.0 495
1 686 400.0 0
1 694 400.0 0
1 701 400.0 0
1 702 400.0 536
1 703 400.0 600
1 705 400.0 493
1 692 400.0 0
1 707 400.0 0
1 706 400.0 0
1 708 400.0 0
1 711 400.0 0
1 473 400.0 0
1 709 400.0 600
1 710 400.0 0
1 713 400.0 0
1 717 400.0 0
1 715 400.0 0
1 718 400.0 0
8486 0 400.0 0
41 322 400.0 0
280 366 400.0 0
13 395 400.0 0
119 429 400.0 0
329 461 400.0 0
26 470 400.0 0
40 493 400.0 0
70 495 400.0 0
169 536 400.0 0
76 542 400.0 162
22 578 400.0 0
77 600 400.0 0
36 613 400.0 0
39 627 400.0 0
17 634 400.0 0
81 644 400.0 0
12 655 400.0 0
6 660 400.0 0
38 663 400.0 0
22 666 400.0 0
7 678 400.0 0
4 698 400.0 0
1 700 400.0 0
5 704 400.0 0
2 712 400.0 0
4 714 400.0 366
3 716 400.0 429
1 719 400.0 644
1 720 400.0 0
1 721 400.0 0
1 722 400.0 0
1 723 400.0 0
1 722 450.0 0
1 724 450.0 0
1 725 450.0 0
1 726 450.0 0
1 704 450.0 0
1 719 450.0 644
1 721 450.0 0
1 733 450.0 536
1 700 450.0 0
1 732 450.0 0
1 735 450.0 0
1 716 450.0 429
1 729 450.0 0
1 734 450.0 663
1 660 450.0 0
1 737 450.0 0
1 730 450.0 0
1 739 450.0 366
1 741 450.0 0
1 742 450.0 0
1 743 450.0 461
1 728 450.0 0
1 634 450.0 0
1 727 450.0 470
1 731 450.0 0
1 738 450.0 600
1 470 450.0 0
1 731 450.0 0
1 745 450.0 0
1 746 450.0 0
1 736 450.0 536
1 748 450.0 461
1 747 450.0 366
1 744 450.0 0
1 746 450.0 0
1 395 450.0 0
1 749 450.0 0
1 752 450.0 0
1 754 450.0 0
1 755 450.0 0
1 655 450.0 0
1 740 450.0 461
1 753 450.0 0
1 756 450.0 0
1 712 450.0 0
1 714 450.0 366
1 757 450.0 429
1 758 450.0 536
1 763 450.0 366
1 764 450.0 429
1 765 450.0 0
1 759 450.0 600
1 762 450.0 0
1 767 450.0 0
1 768 450.0 0
1 769 450.0 0
1 770 450.0 542
1 751 450.0 0
1 773 450.0 0
1 776 450.0 0
1 750 450.0 0
1 771 450.0 0
1 778 450.0 0
1 775 450.0 0
1 780 450.0 0
1 766 450.0 0
1 779 450.0 0
1 781 450.0 0
1 613 450.0 0
1 774 450.0 461
1 782 450.0 663
1 784 450.0 461
1 777 450.0 698
1 783 450.0 461
1 787 450.0 0
1 788 450.0 0
1 789 450.0 600
1 790 450.0 0
1 791 450.0 0
1 794 450.0 0
1 798 450.0 0
1 799 450.0 366
1 600 450.0 0
1 792 450.0 461
1 542 450.0 162
1 796 450.0 0
1 801 450.0 461
1 797 450.0 0
1 806 450.0 536
1 761 450.0 0
1 795 450.0 0
1 807 450.0 627
1 808 450.0 0
1 720 450.0 0
1 803 450.0 0
1 810 450.0 322
1 804 450.0 461
1 805 450.0 0
1 809 450.0 0
1 578 450.0 0
1 678 450.0 0
1 811 450.0 0
1 812 450.0 366
8511 0 450.0 0
45 322 450.0 0
512 366 450.0 0
116 429 450.0 0
339 461 450.0 0
14 493 450.0 0
17 495 450.0 0
216 536 450.0 0
31 627 450.0 0
19 644 450.0 0
12 663 450.0 0
142 666 450.0 0
22 698 450.0 0
48 723 450.0 0
49 760 450.0 600
8 772 450.0 0
8 785 450.0 627
1 786 450.0 0
24 793 450.0 627
4 800 450.0 366
4 802 450.0 0
1 813 450.0 0
3 814 450.0 0
1 815 450.0 0
1 816 450.0 0
1 817 450.0 0
1 786 500.0 0
1 813 500.0 0
1 815 500.0 0
1 817 500.0 0
1 816 500.0 0
1 820 500.0 666
1 819 500.0 0
1 821 500.0 0
1 823 500.0 0
1 824 500.0 0
1 800 500.0 366
1 825 500.0 0
1 826 500.0 0
1 831 500.0 536
1 826 500.0 0
1 830 500.0 366
1 833 500.0 0
1 663 500.0 0
1 723 500.0 0
1 828 500.0 0
1 832 500.0 0
1 836 500.0 0
1 837 500.0 366
1 772 500.0 0
1 822 500.0 0
1 835 500.0 627
1 838 500.0 0
1 839 500.0 627
1 840 500.0 366
1 841 500.0 0
1 818 500.0 0
1 827 500.0 0
1 844 500.0 0
1 842 500.0 0
1 843 500.0 0
1 845 500.0 366
1 846 500.0 0
1 814 500.0 0
1 829 500.0 0
1 850 500.0 0
1 851 500.0 0
1 853 500.0 366
1 855 500.0 0
1 856 500.0 0
1 852 500.0 0
1 854 500.0 0
1 858 500.0 0
1 848 500.0 0
1 859 500.0 0
1 847 500.0 0
1 861 500.0 0
1 862 500.0 0
1 864 500.0 366
1 863 500.0 0
1 866 500.0 0
1 867 500.0 0
1 849 500.0 0
1 873 500.0 0
1 874 500.0 0
1 860 500.0 0
1 868 500.0 0
1 871 500.0 366
1 872 500.0 366
1 875 500.0 0
1 879 500.0 461
1 881 500.0 627
1 878 500.0 0
1 869 500.0 0
1 870 500.0 0
1 698 500.0 0
1 876 500.0 793
1 882 500.0 0
1 886 500.0 0
1 785 500.0 627
1 865 500.0 0
1 493 500.0 0
1 887 500.0 0
1 888 500.0 0
1 889 500.0 0
1 890 500.0 0
1 892 500.0 0
1 894 500.0 0
1 893 500.0 461
1 896 500.0 461
1 322 500.0 0
1 883 500.0 495
1 897 500.0 0
1 877 500.0 0
1 880 500.0 0
1 895 500.0 0
1 901 500.0 536
1 903 500.0 536
1 906 500.0 366
1 900 500.0 0
1 904 500.0 0
1 907 500.0 0
1 882 500.0 0
1 899 500.0 760
1 908 500.0 0
1 891 500.0 0
1 910 500.0 0
1 905 500.0 0
1 912 500.0 0
1 902 500.0 366
1 884 500.0 793
1 898 500.0 0
1 909 500.0 0
1 898 500.0 0
1 919 500.0 0
1 914 500.0 0
1 915 500.0 760
1 917 500.0 0
1 921 500.0 0
1 922 500.0 461
1 923 500.0 536
1 887 500.0 0
1 924 500.0 0
1 926 500.0 0
1 930 500.0 904
7991 0 500.0 0
362 366 500.0 0
123 429 500.0 0
545 461 500.0 0
9 495 500.0 0
249 536 500.0 0
21 627 500.0 0
85 644 500.0 0
239 666 500.0 0
148 760 500.0 600
4 793 500.0 627
33 802 500.0 0
16 834 500.0 0
24 857 500.0 0
11 885 500.0 536
7 899 500.0 760
9 904 500.0 0
3 909 500.0 0
1 911 500.0 461
1 913 500.0 0
6 916 500.0 760
11 918 500.0 0
5 920 500.0 802
1 925 500.0 0
2 927 500.0 0
2 928 500.0 0
2 929 500.0 0
1 911 550.0 461
1 925 550.0 0
1 933 550.0 461
1 927 550.0 0
1 913 550.0 0
1 929 550.0 0
1 932 550.0 0
1 941 550.0 666
1 942 550.0 0
1 943 550.0 0
1 935 550.0 0
1 939 550.0 0
1 934 550.0 536
1 944 550.0 666
1 899 550.0 760
1 937 550.0 0
1 938 550.0 666
1 945 550.0 0
1 948 550.0 0
1 899 550.0 760
1 909 550.0 0
1 928 550.0 0
1 947 550.0 0
1 949 550.0 0
1 950 550.0 0
1 951 550.0 937
1 931 550.0 0
1 953 550.0 760
1 916 550.0 760
1 955 550.0 0
1 952 550.0 0
1 956 550.0 0
1 937 550.0 0
1 957 550.0 0
1 918 550.0 0
1 954 550.0 0
1 960 550.0 627
1 961 550.0 0
1 959 550.0 0
1 962 550.0 0
1 967 550.0 760
1 958 550.0 0
1 963 550.0 0
1 964 550.0 0
1 965 550.0 461
1 966 550.0 461
1 793 550.0 627
1 936 550.0 0
1 971 550.0 0
1 970 550.0 857
1 972 550.0 0
1 974 550.0 0
1 975 550.0 0
1 978 550.0 760
1 495 550.0 0
1 973 550.0 0
1 976 550.0 0
1 979 550.0 0
1 904 550.0 0
1 980 550.0 0
1 981 550.0 0
1 983 550.0 429
1 984 550.0 802
1 968 550.0 0
1 986 550.0 0
1 987 550.0 0
1 990 550.0 461
1 991 550.0 644
1 992 550.0 0
1 993 550.0 0
1 995 550.0 0
1 996 550.0 0
1 989 550.0 0
1 988 550.0 0
1 999 550.0 0
1 1000 550.0 0
1 994 550.0 0
1 997 550.0 0
1 1002 550.0 0
1 1003 550.0 0
1 998 550.0 0
1 1004 550.0 0
1 1005 550.0 0
1 1007 550.0 0
1 1009 550.0 536
1 969 550.0 0
1 1010 550.0 644
1 1014 550.0 0
1 1015 550.0 366
1 1008 550.0 0
1 1016 550.0 0
1 1017 550.0 0
1 1019 550.0 0
1 940 550.0 366
1 954 550.0 0
1 977 550.0 0
1 1023 550.0 666
1 1021 550.0 0
1 1020 550.0 0
1 1022 550.0 429
1 1025 550.0 0
1 1027 550.0 536
1 1018 550.0 0
1 1024 550.0 0
1 1026 550.0 536
1 1033 550.0 461
7555 0 550.0 0
658 366 550.0 0
152 429 550.0 0
314 461 550.0 0
347 536 550.0 0
1 627 550.0 0
81 644 550.0 0
267 666 550.0 0
65 760 550.0 600
57 802 550.0 0
80 834 550.0 0
40 857 550.0 0
1 885 550.0 536
33 920 550.0 802
9 946 550.0 0
9 979 550.0 0
2 982 550.0 0
10 985 550.0 0
2 1001 550.0 666
31 1006 550.0 834
8 1011 550.0 0
7 1012 550.0 366
6 1013 550.0 0
1 1028 550.0 0
2 1029 550.0 0
1 1030 550.0 536
2 1031 550.0 0
2 1032 550.0 0
1 1034 550.0 0
1 1035 550.0 0
1 1036 550.0 0
1 1013 600.0 0
1 1032 600.0 0
1 1030 600.0 536
1 1034 600.0 0
1 1039 600.0 666
1 982 600.0 0
1 1036 600.0 0
1 1044 600.0 666
1 885 600.0 536
1 1038 600.0 0
1 1043 600.0 536
1 1029 600.0 0
1 1040 600.0 0
1 1045 600.0 0
1 1046 600.0 0
1 1047 600.0 1006
1 946 600.0 0
1 979 600.0 0
1 1028 600.0 0
1 1031 600.0 0
1 1041 600.0 666
1 1048 600.0 0
1 627 600.0 0
1 1050 600.0 461
1 985 600.0 0
1 1052 600.0 834
1 1056 600.0 0
1 1053 600.0 0
1 1055 600.0 0
1 1058 600.0 0
1 1012 600.0 366
1 1049 600.0 0
1 1059 600.0 366
1 1061 600.0 0
1 1065 600.0 666
1 1057 600.0 0
1 1060 600.0 461
1 1064 600.0 0
1 1001 600.0 666
1 1067 600.0 0
1 1069 600.0 0
1 1070 600.0 0
1 1054 600.0 0
1 1071 600.0 366
1 1072 600.0 0
1 1073 600.0 0
1 1051 600.0 644
1 1063 600.0 0
1 1068 600.0 0
1 1075 600.0 0
1 1042 600.0 0
1 1066 600.0 0
1 1077 600.0 0
1 1078 600.0 0
1 1079 600.0 0
1 1080 600.0 536
1 1080 600.0 536
1 1081 600.0 644
1 1074 600.0 0
1 1086 600.0 0
1 1084 600.0 0
1 1091 600.0 0
1 1083 600.0 0
1 1090 600.0 366
1 1085 600.0 0
1 920 600.0 802
1 1095 600.0 0
1 1093 600.0 0
1 1098 600.0 0
1 1099 600.0 366
1 1082 600.0 0
1 1096 600.0 0
1 1037 600.0 0
1 1062 600.0 366
1 1097 600.0 760
1 1100 600.0 0
1 1087 600.0 0
1 1101 600.0 0
1 1102 600.0 0
1 1106 600.0 0
1 1107 600.0 0
1 1109 600.0 0
1 1108 600.0 0
1 1089 600.0 0
1 1111 600.0 0
1 1112 600.0 536
1 1113 600.0 366
1 1103 600.0 0
1 1105 600.0 666
1 1118 600.0 461
1 1115 600.0 429
1 1121 600.0 0
1 1110 600.0 0
1 1114 600.0 1094
1 1119 600.0 536
1 1120 600.0 461
1 1124 600.0 666
1 1125 600.0 0
1 1116 600.0 0
1 1123 600.0 0
1 1126 600.0 0
1 1128 600.0 461
1 857 600.0 0
1 1130 600.0 461
1 1072 600.0 0
1 1122 600.0 0
1 1127 600.0 760
1 1132 600.0 0
1 1134 600.0 760
1 1136 600.0 366
7887 0 600.0 0
832 366 600.0 0
101 429 600.0 0
470 461 600.0 0
153 536 600.0 0
93 644 600.0 0
254 666 600.0 0
168 760 600.0 600
8 802 600.0 0
6 834 600.0 0
47 1006 600.0 834
13 1011 600.0 0
28 1035 600.0 0
15 1076 600.0 0
8 1088 600.0 0
21 1092 600.0 0
17 1094 600.0 760
2 1104 600.0 461
5 1117 600.0 0
3 1129 600.0 0
3 1131 600.0 1011
6 1133 600.0 0
2 1135 600.0 0
1 1137 600.0 0
1 1138 600.0 0
1 1139 600.0 366
1 1138 650.0 0
1 1104 650.0 461
1 1129 650.0 0
1 1140 650.0 0
1 1141 650.0 0
1 1117 650.0 0
1 1145 650.0 0
1 1147 650.0 0
1 1148 650.0 0
1 1143 650.0 0
1 1150 650.0 0
1 1137 650.0 0
1 1154 650.0 0
1 1155 650.0 666
1 1159 650.0 536
1 1088 650.0 0
1 1092 650.0 0
1 1152 650.0 461
1 1158 650.0 1149
1 1156 650.0 0
1 1162 650.0 0
1 1135 650.0 0
1 1146 650.0 0
1 1151 650.0 0
1 1160 650.0 0
1 1135 650.0 0
1 1153 650.0 760
1 1157 650.0 0
1 1164 650.0 0
1 1139 650.0 366
1 1161 650.0 0
1 1165 650.0 366
1 1169 650.0 429
1 1171 650.0 666
1 1167 650.0 0
1 1168 650.0 0
1 1173 650.0 536
1 1163 650.0 0
1 1175 650.0 0
1 1142 650.0 666
1 1166 650.0 461
1 1177 650.0 0
1 1178 650.0 0
1 1180 650.0 0
1 1181 650.0 0
1 1182 650.0 644
1 1172 650.0 366
1 1187 650.0 0
1 1191 650.0 461
1 1170 650.0 461
1 1185 650.0 0
1 1188 650.0 0
1 1192 650.0 0
1 1176 650.0 366
1 1184 650.0 366
1 1189 650.0 0
1 1196 650.0 536
1 1197 650.0 461
1 1194 650.0 366
1 1202 650.0 0
1 1195 650.0 1131
1 1204 650.0 0
1 1076 650.0 0
1 1199 650.0 1035
1 1200 650.0 0
1 1208 650.0 0
1 1213 650.0 1006
1 1179 650.0 461
1 1214 650.0 366
1 1215 650.0 1006
1 802 650.0 0
1 1203 650.0 0
1 1206 650.0 366
1 1212 650.0 0
1 1216 650.0 0
1 1190 650.0 1006
1 1209 650.0 0
1 1217 650.0 0
1 1218 650.0 0
1 1219 650.0 834
1 1224 650.0 0
1 1225 650.0 0
1 1226 650.0 429
1 1221 650.0 0
1 1220 650.0 0
1 1229 650.0 0
1 1230 650.0 0
1 1222 650.0 0
1 1233 650.0 0
1 1231 650.0 0
1 1234 650.0 0
1 1236 650.0 1174
1 1234 650.0 0
1 1235 650.0 461
1 1239 650.0 0
1 1240 650.0 0
1 1237 650.0 1193
1 1243 650.0 0
7244 0 650.0 0
1226 366 650.0 0
94 429 650.0 0
315 461 650.0 0
128 536 650.0 0
157 644 650.0 0
315 666 650.0 0
110 760 650.0 600
44 834 650.0 0
103 1006 650.0 834
77 1011 650.0 0
17 1035 650.0 0
62 1094 650.0 760
10 1131 650.0 1011
2 1133 650.0 0
16 1144 650.0 0
5 1149 650.0 0
16 1174 650.0 0
10 1183 650.0 0
4 1186 650.0 0
21 1193 650.0 0
2 1198 650.0 366
10 1201 650.0 0
5 1205 650.0 0
34 1207 650.0 461
5 1210 650.0 644
8 1211 650.0 644
1 1223 650.0 461
3 1227 650.0 1006
38 1228 650.0 0
2 1232 650.0 0
2 1238 650.0 0
1 1241 650.0 366
1 1242 650.0 0
1 1244 650.0 0
1 1245 650.0 0
1 1133 700.0 0
1 1227 700.0 1006
1 1238 700.0 0
1 1186 700.0 0
1 1242 700.0 0
1 1244 700.0 0
1 1205 700.0 0
1 1251 700.0 429
1 1210 700.0 644
1 1223 700.0 461
1 1248 700.0 0
1 1252 700.0 760
1 1254 700.0 366
1 1247 700.0 0
1 1250 700.0 366
1 1149 700.0 0
1 1201 700.0 0
1 1241 700.0 366
1 1257 700.0 0
1 1259 700.0 366
1 1211 700.0 644
1 1256 700.0 0
1 1262 700.0 0
1 1264 700.0 1198
1 1246 700.0 0
1 1258 700.0 0
1 1201 700.0 0
1 1249 700.0 0
1 1260 700.0 366
1 1266 700.0 0
1 1261 700.0 1094
1 1268 700.0 0
1 1275 700.0 0
1 1277 700.0 1131
1 1193 700.0 0
1 1267 700.0 0
1 1269 700.0 366
1 1263 700.0 666
1 1265 700.0 366
1 1271 700.0 366
1 1279 700.0 0
1 1282 700.0 0
1 1283 700.0 0
1 1284 700.0 0
1 1286 700.0 0
1 1289 700.0 429
1 1281 700.0 366
1 1285 700.0 0
1 1287 700.0 0
1 1288 700.0 366
1 1293 700.0 366
1 1274 700.0 644
1 1284 700.0 0
1 1295 700.0 1006
1 1294 700.0 536
1 1296 700.0 0
1 1298 700.0 0
1 1273 700.0 1174
1 1290 700.0 0
1 1299 700.0 0
1 1300 700.0 366
1 1292 700.0 0
1 1297 700.0 1094
1 1304 700.0 1207
1 1198 700.0 366
1 1305 700.0 1011
1 1303 700.0 0
1 1309 700.0 366
1 1310 700.0 0
1 1270 700.0 666
1 1315 700.0 461
1 1280 700.0 0
1 1311 700.0 0
1 1255 700.0 0
1 1308 700.0 536
1 1312 700.0 0
1 1318 700.0 760
1 1319 700.0 1006
1 1326 700.0 1006
1 1291 700.0 0
1 1302 700.0 1183
1 1321 700.0 366
1 1324 700.0 1094
1 1332 700.0 1011
1 1313 700.0 0
1 1314 700.0 366
1 1320 700.0 666
1 1328 700.0 0
1 1329 700.0 0
1 1330 700.0 0
1 1307 700.0 366
1 1316 700.0 0
1 1334 700.0 0
1 1245 700.0 0
1 1322 700.0 461
1 1325 700.0 366
1 1331 700.0 366
1 1335 700.0 666
1 1131 700.0 1011
1 1340 700.0 366
1 1341 700.0 666
1 1337 700.0 0
1 1344 700.0 461
1 1345 700.0 760
1 1327 700.0 0
1 1343 700.0 0
1 1342 700.0 0
1 1346 700.0 0
1 1349 700.0 366
1 1351 700.0 429
1 1338 700.0 0
1 1348 700.0 0
1 1350 700.0 366
1 1352 700.0 0
1 1353 700.0 0
1 1354 700.0 666
1 1359 700.0 366
1 1333 700.0 366
1 1336 700.0 0
1 1347 700.0 366
1 1360 700.0 0
1 1361 700.0 1094
1 1301 700.0 461
1 1364 700.0 0
1 1365 700.0 366
1 1355 700.0 0
1 1317 700.0 644
1 1370 700.0 0
6640 0 700.0 0
1348 366 700.0 0
89 429 700.0 0
484 461 700.0 0
91 536 700.0 0
179 644 700.0 0
331 666 700.0 0
70 760 700.0 600
14 834 700.0 0
146 1006 700.0 834
35 1011 700.0 0
48 1035 700.0 0
66 1094 700.0 760
28 1144 700.0 0
52 1174 700.0 0
60 1183 700.0 0
30 1207 700.0 461
21 1228 700.0 0
15 1232 700.0 0
62 1253 700.0 366
2 1272 700.0 461
51 1276 700.0 0
44 1278 700.0 0
37 1306 700.0 0
2 1323 700.0 536
8 1339 700.0 0
3 1356 700.0 461
4 1357 700.0 536
7 1358 700.0 644
3 1362 700.0 0
2 1363 700.0 0
3 1366 700.0 0
2 1367 700.0 0
2 1368 700.0 366
1 1369 700.0 0
1 1371 700.0 0
1 1372 700.0 644
1 1373 700.0 0
1 1374 700.0 0
1 1371 750.0 0
1 1368 750.0 366
1 1374 750.0 0
1 1376 750.0 0
1 1356 750.0 461
1 1363 750.0 0
1 1372 750.0 644
1 1377 750.0 0
1 1373 750.0 0
1 1378 750.0 366
1 1375 750.0 0
1 1379 750.0 366
1 1380 750.0 0
1 1381 750.0 366
1 1385 750.0 1035
1 1362 750.0 0
1 1358 750.0 644
1 1369 750.0 0
1 1382 750.0 366
1 1367 750.0 0
1 1383 750.0 366
1 1386 750.0 0
1 1390 750.0 0
1 1394 750.0 0
1 1396 750.0 366
1 1388 750.0 0
1 1391 750.0 0
1 1393 750.0 1094
1 1400 750.0 1183
1 1401 750.0 0
1 1272 750.0 461
1 1306 750.0 0
1 1403 750.0 0
1 1384 750.0 366
1 1397 750.0 366
1 1402 750.0 0
1 1405 750.0 0
1 1389 750.0 536
1 1399 750.0 429
1 1406 750.0 0
1 1410 750.0 1006
1 1409 750.0 0
1 1412 750.0 0
1 1413 750.0 0
1 1414 750.0 366
1 1387 750.0 1006
1 1392 750.0 461
1 1398 750.0 461
1 1415 750.0 0
1 1418 750.0 0
1 1419 750.0 0
1 1417 750.0 666
1 1421 750.0 366
1 1404 750.0 644
1 1420 750.0 0
1 1425 750.0 0
1 1427 750.0 1207
1 1430 750.0 461
1 1228 750.0 0
1 1366 750.0 0
1 1424 750.0 0
1 1428 750.0 0
1 1431 750.0 1006
1 1432 750.0 0
1 1416 750.0 429
1 1423 750.0 366
1 834 750.0 0
1 1436 750.0 0
1 1435 750.0 0
1 1440 750.0 366
1 1442 750.0 366
1 1411 750.0 0
1 1437 750.0 0
1 1433 750.0 0
1 1445 750.0 0
1 1446 750.0 0
1 1035 750.0 0
1 1447 750.0 0
1 1448 750.0 0
1 1441 750.0 1011
1 1444 750.0 0
1 1450 750.0 0
1 1452 750.0 366
1 1429 750.0 366
1 1434 750.0 0
1 1451 750.0 366
1 1454 750.0 1006
1 1455 750.0 0
1 1339 750.0 0
1 1426 750.0 0
1 1461 750.0 1422
1 1457 750.0 1006
1 1458 750.0 0
1 1462 750.0 1422
1 1463 750.0 0
1 1438 750.0 366
1 1439 750.0 0
1 1467 750.0 0
1 1466 750.0 0
1 1468 750.0 1207
1 1459 750.0 366
1 1469 750.0 1464
1 1474 750.0 0
1 1475 750.0 0
1 1477 750.0 366
1 1479 750.0 1207
1 1449 750.0 461
1 1471 750.0 644
1 1473 750.0 0
1 1232 750.0 0
1 1480 750.0 1464
1 1481 750.0 0
1 1357 750.0 536
1 1483 750.0 0
1 1485 750.0 0
1 1489 750.0 1407
6703 0 750.0 0
1474 366 750.0 0
22 429 750.0 0
403 461 750.0 0
57 536 750.0 0
302 644 750.0 0
197 666 750.0 0
52 760 750.0 600
193 1006 750.0 834
175 1011 750.0 0
2 1094 750.0 760
143 1144 750.0 0
9 1174 750.0 0
9 1183 750.0 0
223 1207 750.0 461
16 1253 750.0 366
43 1276 750.0 0
18 1278 750.0 0
7 1323 750.0 536
12 1395 750.0 0
40 1407 750.0 1006
5 1408 750.0 1006
4 1422 750.0 0
26 1443 750.0 0
5 1453 750.0 1438
8 1456 750.0 0
9 1460 750.0 1144
2 1464 750.0 366
16 1465 750.0 366
5 1470 750.0 366
8 1472 750.0 1006
4 1476 750.0 0
1 1478 750.0 366
1 1482 750.0 0
1 1484 750.0 0
1 1486 750.0 366
3 1487 750.0 0
3 1488 750.0 1407
1 1490 750.0 0
1 1491 750.0 0
1 1492 750.0 366
1 1493 750.0 366
1 1464 800.0 366
1 1478 800.0 366
1 1482 800.0 0
1 1484 800.0 0
1 1486 800.0 366
1 1490 800.0 0
1 1493 800.0 366
1 1494 800.0 0
1 1496 800.0 461
1 1498 800.0 644
1 1499 800.0 1491
1 1094 800.0 760
1 1492 800.0 366
1 1488 800.0 1407
1 1495 800.0 366
1 1500 800.0 366
1 1504 800.0 1006
1 1505 800.0 366
1 1408 800.0 1006
1 1501 800.0 0
1 1513 800.0 666
1 1503 800.0 1006
1 1509 800.0 429
1 1517 800.0 366
1 1512 800.0 366
1 1516 800.0 0
1 1518 800.0 461
1 1519 800.0 366
1 1521 800.0 0
1 1523 800.0 0
1 1524 800.0 366
1 1526 800.0 1502
1 1470 800.0 366
1 1487 800.0 0
1 1497 800.0 461
1 1508 800.0 0
1 1515 800.0 0
1 1514 800.0 1006
1 1520 800.0 461
1 1525 800.0 1011
1 1528 800.0 1278
1 1530 800.0 366
1 1532 800.0 366
1 1533 800.0 0
1 1422 800.0 0
1 1456 800.0 0
1 1535 800.0 366
1 1174 800.0 0
1 1422 800.0 0
1 1531 800.0 644
1 1537 800.0 0
1 1540 800.0 0
1 1522 800.0 0
1 1527 800.0 366
1 1541 800.0 0
1 1546 800.0 461
1 1491 800.0 0
1 1506 800.0 1453
1 1539 800.0 0
1 1548 800.0 366
1 1536 800.0 0
1 1545 800.0 1144
1 1502 800.0 666
1 1547 800.0 0
1 1183 800.0 0
1 1552 800.0 0
1 1558 800.0 0
1 1472 800.0 1006
1 1549 800.0 461
1 1560 800.0 0
1 1507 800.0 1453
1 1536 800.0 0
1 1544 800.0 366
1 1557 800.0 0
1 1560 800.0 0
1 1561 800.0 666
1 1562 800.0 1144
1 1565 800.0 0
1 1566 800.0 0
1 1555 800.0 1253
1 1556 800.0 0
1 1559 800.0 366
1 1563 800.0 0
1 1567 800.0 366
1 1568 800.0 666
1 1323 800.0 536
1 1543 800.0 366
1 1551 800.0 1006
1 1511 800.0 0
1 1550 800.0 644
1 1573 800.0 1011
1 1564 800.0 0
1 1576 800.0 0
1 1553 800.0 0
1 1569 800.0 666
1 1570 800.0 1207
1 1538 800.0 1443
1 1580 800.0 1144
1 1581 800.0 1006
1 1582 800.0 1278
1 1529 800.0 1443
1 1574 800.0 366
1 429 800.0 0
1 1395 800.0 0
1 1583 800.0 0
1 1585 800.0 0
1 1588 800.0 0
1 1571 800.0 0
1 1572 800.0 644
1 1577 800.0 0
1 1587 800.0 0
1 1579 800.0 0
1 1584 800.0 0
1 1592 800.0 461
1 1594 800.0 366
1 1595 800.0 1407
1 1590 800.0 1407
1 1597 800.0 0
1 1599 800.0 1476
1 1600 800.0 1006
1 1591 800.0 0
1 1593 800.0 366
1 1598 800.0 461
1 1604 800.0 0
1 1601 800.0 366
1 1607 800.0 760
1 1608 800.0 760
1 1609 800.0 1006
1 1534 800.0 366
1 1589 800.0 666
1 1596 800.0 0
1 1602 800.0 0
1 1614 800.0 644
1 1615 800.0 1278
1 1554 800.0 1207
1 1611 800.0 536
1 1613 800.0 0
1 1620 800.0 1144
1 1460 800.0 1144
1 1616 800.0 666
1 1622 800.0 1407
1 1623 800.0 1575
1 1631 800.0 1453
1 1629 800.0 366
1 1632 800.0 1453
1 1633 800.0 0
1 1606 800.0 644
1 1612 800.0 1207
1 1634 800.0 366
1 1639 800.0 644
5575 0 800.0 0
1926 366 800.0 0
489 461 800.0 0
31 536 800.0 0
525 644 800.0 0
210 666 800.0 0
5 760 800.0 600
195 1006 800.0 834
78 1011 800.0 0
273 1144 800.0 0
169 1207 800.0 461
8 1253 800.0 366
21 1276 800.0 0
34 1278 800.0 0
64 1407 800.0 1006
17 1443 800.0 0
28 1453 800.0 1438
7 1465 800.0 366
78 1476 800.0 0
11 1510 800.0 666
66 1542 800.0 0
37 1575 800.0 366
62 1578 800.0 0
12 1586 800.0 366
1 1602 800.0 0
4 1603 800.0 1006
2 1605 800.0 0
3 1610 800.0 366
8 1617 800.0 1006
12 1618 800.0 1586
2 1619 800.0 0
2 1621 800.0 0
1 1624 800.0 366
1 1625 800.0 366
2 1626 800.0 0
2 1627 800.0 366
1 1628 800.0 366
1 1630 800.0 1407
2 1635 800.0 0
2 1636 800.0 0
1 1637 800.0 366
2 1638 800.0 461
1 1640 800.0 666
1 1641 800.0 366
1 1621 850.0 0
1 1625 850.0 366
1 1602 850.0 0
1 1605 850.0 0
1 1640 850.0 666
1 1645 850.0 1144
1 1646 850.0 666
1 1465 850.0 366
1 1617 850.0 1006
1 1627 850.0 366
1 1637 850.0 366
1 1642 850.0 366
1 1624 850.0 366
1 1626 850.0 0
1 1648 850.0 366
1 1649 850.0 1207
1 1653 850.0 1407
1 1650 850.0 1278
1 1651 850.0 0
1 1610 850.0 366
1 1635 850.0 0
1 1652 850.0 666
1 1655 850.0 0
1 1658 850.0 0
1 1659 850.0 0
1 1647 850.0 1407
1 1656 850.0 366
1 1663 850.0 644
1 1664 850.0 0
1 1643 850.0 461
1 1644 850.0 536
1 1662 850.0 366
1 1668 850.0 366
1 1669 850.0 1144
1 1618 850.0 1586
1 1641 850.0 366
1 1670 850.0 366
1 760 850.0 600
1 1665 850.0 461
1 1666 850.0 1006
1 1671 850.0 1144
1 1672 850.0 366
1 1675 850.0 0
1 1676 850.0 0
1 1677 850.0 1207
1 1657 850.0 0
1 1661 850.0 366
1 1673 850.0 644
1 1681 850.0 1276
1 1603 850.0 1006
1 1636 850.0 0
1 1665 850.0 461
1 1465 850.0 366
1 1660 850.0 0
1 1667 850.0 1542
1 1674 850.0 366
1 1680 850.0 666
1 1683 850.0 366
1 1689 850.0 666
1 1630 850.0 1407
1 1684 850.0 366
1 1691 850.0 366
1 1693 850.0 1407
1 1678 850.0 0
1 1690 850.0 1144
1 1665 850.0 461
1 1690 850.0 1144
1 1699 850.0 1476
1 1619 850.0 0
1 1682 850.0 0
1 1694 850.0 0
1 1696 850.0 666
1 1700 850.0 0
1 1702 850.0 0
1 1510 850.0 666
1 1706 850.0 1575
1 1677 850.0 1207
1 1704 850.0 461
1 1709 850.0 0
1 1703 850.0 1144
1 1712 850.0 1006
1 1278 850.0 0
1 1443 850.0 0
1 1698 850.0 1407
1 1708 850.0 461
1 1716 850.0 461
1 1717 850.0 461
1 1638 850.0 461
1 1705 850.0 461
1 1720 850.0 461
1 1707 850.0 0
1 1697 850.0 1144
1 1707 850.0 0
1 1725 850.0 366
1 1715 850.0 0
1 1718 850.0 0
1 1721 850.0 666
1 1722 850.0 0
1 1727 850.0 0
1 1730 850.0 644
1 1685 850.0 0
1 1721 850.0 666
1 1724 850.0 1011
1 1732 850.0 0
1 1714 850.0 0
1 1728 850.0 0
1 1729 850.0 461
1 1734 850.0 0
1 1738 850.0 1654
1 1688 850.0 644
1 1731 850.0 1575
1 1736 850.0 366
1 1737 850.0 1654
1 1742 850.0 1207
1 1692 850.0 1542
1 1713 850.0 0
1 1739 850.0 0
1 1743 850.0 1144
1 1726 850.0 366
1 1741 850.0 0
1 536 850.0 0
1 1744 850.0 1407
1 1747 850.0 1687
1 1748 850.0 0
1 1746 850.0 366
1 1753 850.0 366
1 1754 850.0 366
1 1755 850.0 366
1 1719 850.0 1586
1 1740 850.0 0
1 1751 850.0 0
1 1757 850.0 366
1 1750 850.0 644
1 1758 850.0 0
1 1760 850.0 0
1 1695 850.0 644
1 1711 850.0 1006
1 1749 850.0 1144
1 1756 850.0 0
1 1762 850.0 0
1 1764 850.0 461
1 1710 850.0 0
1 1765 850.0 1011
1 1763 850.0 366
1 1759 850.0 0
1 1772 850.0 0
1 1773 850.0 1207
1 1775 850.0 0
1 1779 850.0 1453
1 1771 850.0 461
1 1654 850.0 1630
1 1761 850.0 0
1 1767 850.0 1207
1 1778 850.0 366
1 1781 850.0 0
1 1783 850.0 644
1 1784 850.0 1407
1 1786 850.0 1276
1 1723 850.0 366
1 1768 850.0 0
1 1777 850.0 0
1 1782 850.0 461
1 1785 850.0 366
1 1790 850.0 0
1 1793 850.0 0
1 1795 850.0 1407
1 1788 850.0 644
1 1733 850.0 644
1 1796 850.0 366
1 1799 850.0 366
1 1800 850.0 366
1 1803 850.0 0
1 1774 850.0 0
1 1789 850.0 1144
1 1791 850.0 366
1 1802 850.0 0
1 1805 850.0 461
1 1776 850.0 0
1 1806 850.0 666
5662 0 850.0 0
1542 366 850.0 0
745 461 850.0 0
613 644 850.0 0
165 666 850.0 0
29 1006 850.0 834
79 1011 850.0 0
310 1144 850.0 0
85 1207 850.0 461
2 1253 850.0 366
74 1276 850.0 0
89 1407 850.0 1006
22 1453 850.0 1438
28 1476 850.0 0
29 1542 850.0 0
60 1575 850.0 366
97 1578 850.0 0
6 1586 850.0 366
48 1628 850.0 366
4 1679 850.0 0
59 1686 850.0 0
17 1687 850.0 0
3 1701 850.0 0
13 1735 850.0 0
13 1745 850.0 0
3 1752 850.0 0
5 1766 850.0 1207
2 1769 850.0 0
28 1770 850.0 0
6 1780 850.0 1628
2 1787 850.0 0
3 1792 850.0 644
6 1794 850.0 0
2 1797 850.0 366
1 1798 850.0 366
2 1801 850.0 1144
2 1804 850.0 366
2 1807 850.0 1578
1 1808 850.0 0
1 1809 850.0 0
1 1810 850.0 0
1 1811 850.0 1144
1 1808 900.0 0
1 1809 900.0 0
1 1811 900.0 1144
1 1766 900.0 1207
1 1769 900.0 0
1 1792 900.0 644
1 1804 900.0 366
1 1812 900.0 1578
1 1701 900.0 0
1 1798 900.0 366
1 1814 900.0 1686
1 1818 900.0 366
1 1820 900.0 366
1 1823 900.0 666
1 1253 900.0 366
1 1752 900.0 0
1 1787 900.0 0
1 1801 900.0 1144
1 1810 900.0 0
1 1819 900.0 461
1 1821 900.0 0
1 1824 900.0 1276
1 1825 900.0 366
1 1826 900.0 1575
1 1813 900.0 0
1 1816 900.0 0
1 1822 900.0 366
1 1828 900.0 0
1 1829 900.0 0
1 1831 900.0 461
1 1832 900.0 644
1 1833 900.0 1276
1 1835 900.0 0
1 1834 900.0 0
1 1836 900.0 461
1 1807 900.0 1578
1 1830 900.0 366
1 1840 900.0 1276
1 1843 900.0 666
1 1844 900.0 644
1 1586 900.0 366
1 1817 900.0 0
1 1827 900.0 0
1 1842 900.0 0
1 1846 900.0 461
1 1849 900.0 644
1 1797 900.0 366
1 1841 900.0 0
1 1847 900.0 644
1 1850 900.0 0
1 1854 900.0 0
1 1837 900.0 0
1 1836 900.0 461
1 1839 900.0 461
1 1860 900.0 1628
1 1735 900.0 0
1 1838 900.0 366
1 1852 900.0 0
1 1857 900.0 666
1 1862 900.0 0
1 1865 900.0 0
1 1867 900.0 0
1 1869 900.0 666
1 1859 900.0 1407
1 1861 900.0 1628
1 1745 900.0 0
1 1858 900.0 644
1 1863 900.0 0
1 1864 900.0 0
1 1866 900.0 1578
1 1868 900.0 366
1 1872 900.0 1542
1 1874 900.0 0
1 1770 900.0 0
1 1815 900.0 0
1 1853 900.0 366
1 1881 900.0 366
1 1745 900.0 0
1 1856 900.0 644
1 1876 900.0 366
1 1855 900.0 0
1 1878 900.0 644
1 1883 900.0 1780
1 1679 900.0 0
1 1882 900.0 1578
1 1888 900.0 366
1 1890 900.0 366
1 1892 900.0 1882
1 1889 900.0 1686
1 1891 900.0 366
1 1893 900.0 1882
1 1897 900.0 0
1 1898 900.0 1207
1 1628 900.0 366
1 1453 900.0 1438
1 1896 900.0 0
1 1901 900.0 366
1 1903 900.0 666
1 1886 900.0 0
1 1899 900.0 0
1 1904 900.0 366
1 1845 900.0 366
1 1895 900.0 366
1 1900 900.0 1011
1 1905 900.0 0
1 1906 900.0 1542
1 1884 900.0 366
1 1885 900.0 366
1 1907 900.0 366
1 1848 900.0 644
1 1910 900.0 366
1 1911 900.0 1780
1 1908 900.0 1144
1 1913 900.0 366
1 1780 900.0 1628
1 1918 900.0 644
1 1902 900.0 1476
1 1912 900.0 1780
1 1909 900.0 0
1 1914 900.0 0
1 1922 900.0 644
1 1924 900.0 0
1 1875 900.0 1575
1 1925 900.0 666
1 1926 900.0 1578
1 1927 900.0 0
1 1894 900.0 0
1 1917 900.0 366
1 1877 900.0 366
1 1932 900.0 0
1 1915 900.0 366
1 1931 900.0 0
1 1935 900.0 644
1 1936 900.0 1144
1 1934 900.0 366
1 1940 900.0 0
1 1929 900.0 0
1 1941 900.0 666
1 1928 900.0 1407
1 1930 900.0 644
1 1942 900.0 0
1 1947 900.0 1011
1 1687 900.0 0
1 1880 900.0 366
1 1949 900.0 461
1 1945 900.0 366
1 1951 900.0 1011
1 1952 900.0 1144
4828 0 900.0 0
1786 366 900.0 0
745 461 900.0 0
750 644 900.0 0
401 666 900.0 0
159 1006 900.0 834
67 1011 900.0 0
432 1144 900.0 0
127 1207 900.0 461
45 1276 900.0 0
171 1407 900.0 1006
25 1476 900.0 0
89 1542 900.0 0
6 1575 900.0 366
26 1578 900.0 0
71 1686 900.0 0
22 1794 900.0 0
40 1851 900.0 0
1 1870 900.0 666
3 1871 900.0 0
3 1873 900.0 366
12 1879 900.0 1407
8 1887 900.0 0
15 1916 900.0 461
4 1919 900.0 1407
12 1920 900.0 0
7 1921 900.0 366
2 1923 900.0 1144
13 1933 900.0 366
6 1937 900.0 0
1 1938 900.0 0
6 1939 900.0 461
2 1943 900.0 644
3 1944 900.0 666
2 1946 900.0 366
2 1948 900.0 366
1 1950 900.0 0
1 1953 900.0 366
1 1954 900.0 366
1 1955 900.0 461
1 1956 900.0 666
1 1957 900.0 1006
1 1958 900.0 1919
1 1923 950.0 1144
1 1948 950.0 366
1 1950 950.0 0
1 1955 950.0 461
1 1956 950.0 666
1 1958 950.0 1919
1 1575 950.0 366
1 1944 950.0 666
1 1870 950.0 666
1 1871 950.0 0
1 1943 950.0 644
1 1946 950.0 366
1 1962 950.0 666
1 1957 950.0 1006
1 1960 950.0 666
1 1963 950.0 1851
1 1968 950.0 1207
1 1939 950.0 461
1 1954 950.0 366
1 1969 950.0 0
1 1972 950.0 666
1 1919 950.0 1407
1 1970 950.0 461
1 1971 950.0 1207
1 1967 950.0 461
1 1965 950.0 0
1 1976 950.0 366
1 1978 950.0 0
1 1977 950.0 0
1 1873 950.0 366
1 1964 950.0 0
1 1975 950.0 1006
1 1981 950.0 0
1 1983 950.0 461
1 1984 950.0 1407
1 1986 950.0 0
1 1988 950.0 644
1 1989 950.0 644
1 1973 950.0 1686
1 1987 950.0 0
1 1938 950.0 0
1 1989 950.0 644
1 1992 950.0 1407
1 1995 950.0 0
1 1990 950.0 0
1 1997 950.0 1276
1 1999 950.0 0
1 2003 950.0 1144
1 2004 950.0 366
1 2005 950.0 1207
1 1980 950.0 644
1 1953 950.0 366
1 2001 950.0 461
1 2002 950.0 666
1 2008 950.0 1144
1 2009 950.0 0
1 2013 950.0 1407
1 1974 950.0 0
1 1979 950.0 366
1 2017 950.0 1966
1 1794 950.0 0
1 1982 950.0 461
1 1994 950.0 666
1 2015 950.0 366
1 2022 950.0 366
1 1961 950.0 666
1 2025 950.0 1207
1 1937 950.0 0
1 2012 950.0 1542
1 2014 950.0 0
1 1996 950.0 1686
1 2000 950.0 0
1 2019 950.0 666
1 2024 950.0 1933
1 2028 950.0 1476
1 1985 950.0 1207
1 2006 950.0 0
1 2016 950.0 1476
1 2018 950.0 366
1 2030 950.0 366
1 2031 950.0 1207
1 2027 950.0 0
1 2035 950.0 366
1 1998 950.0 461
1 2026 950.0 1144
1 2038 950.0 644
1 1959 950.0 0
1 2042 950.0 366
1 2033 950.0 0
1 2036 950.0 644
1 2039 950.0 0
1 2040 950.0 1144
1 2043 950.0 1407
1 2037 950.0 0
1 2044 950.0 0
1 2045 950.0 644
1 2048 950.0 366
1 2050 950.0 1407
1 2034 950.0 1407
1 2049 950.0 1006
1 2047 950.0 0
1 2051 950.0 0
1 2054 950.0 1144
1 1991 950.0 1006
1 2007 950.0 644
1 2055 950.0 644
1 2056 950.0 0
1 2058 950.0 0
1 2059 950.0 0
1 1933 950.0 366
1 2052 950.0 0
1 2055 950.0 644
1 2057 950.0 0
1 2064 950.0 0
1 2065 950.0 1207
1 2041 950.0 644
1 2068 950.0 644
1 2011 950.0 461
1 2062 950.0 0
1 2066 950.0 0
1 2071 950.0 366
1 2076 950.0 0
1 2061 950.0 366
1 2073 950.0 666
1 2061 950.0 366
1 2078 950.0 0
1 2079 950.0 1144
1 2046 950.0 0
1 2060 950.0 644
1 2081 950.0 0
1 2085 950.0 0
1 2088 950.0 1144
1 2063 950.0 0
1 2083 950.0 0
1 2086 950.0 366
1 2087 950.0 1207
1 2093 950.0 0
1 2095 950.0 366
1 2029 950.0 366
1 2089 950.0 1144
1 2091 950.0 1207
1 2077 950.0 1006
1 2094 950.0 461
1 2053 950.0 366
1 2069 950.0 0
1 2098 950.0 0
1 2101 950.0 2020
1 2072 950.0 461
1 2080 950.0 0
1 2100 950.0 666
1 2103 950.0 366
1 2108 950.0 644
4914 0 950.0 0
1954 366 950.0 0
570 461 950.0 0
676 644 950.0 0
281 666 950.0 0
21 1006 950.0 834
136 1011 950.0 0
450 1144 950.0 0
197 1207 950.0 461
22 1276 950.0 0
107 1407 950.0 1006
67 1476 950.0 0
4 1542 950.0 0
20 1578 950.0 0
44 1686 950.0 0
28 1851 950.0 0
19 1879 950.0 1407
1 1887 950.0 0
82 1916 950.0 461
8 1920 950.0 0
8 1921 950.0 366
7 1966 950.0 366
31 1993 950.0 0
16 2010 950.0 366
71 2020 950.0 666
4 2021 950.0 1144
4 2023 950.0 366
9 2032 950.0 0
1 2053 950.0 366
9 2067 950.0 644
2 2070 950.0 0
8 2074 950.0 1207
15 2075 950.0 1207
1 2082 950.0 0
3 2084 950.0 0
8 2090 950.0 644
22 2092 950.0 2082
4 2096 950.0 366
9 2097 950.0 0
4 2099 950.0 0
5 2102 950.0 0
1 2104 950.0 461
3 2105 950.0 0
1 2106 950.0 0
2 2107 950.0 366
3 2109 950.0 1144
1 2110 950.0 0
1 2111 950.0 0
1 2112 950.0 461
1 2113 950.0 644
1 2114 950.0 666
1 2104 999.0 461
1 2106 999.0 0
1 2110 999.0 0
1 2111 999.0 0
1 2112 999.0 461
1 2021 999.0 1144
1 2023 999.0 366
1 2053 999.0 366
1 2116 999.0 0
1 1887 999.0 0
1 2107 999.0 366
1 2113 999.0 644
1 2117 999.0 644
1 2119 999.0 644
1 2120 999.0 666
1 2118 999.0 1144
1 2082 999.0 0
1 2114 999.0 666
1 2122 999.0 644
1 2124 999.0 366
1 2121 999.0 0
1 2123 999.0 0
1 2074 999.0 1207
1 2128 999.0 1407
1 2131 999.0 1476
1 2133 999.0 0
1 2135 999.0 1011
1 2136 999.0 461
1 2010 999.0 366
1 2134 999.0 366
1 2139 999.0 366
1 2140 999.0 1407
1 2142 999.0 366
1 2143 999.0 1011
1 2132 999.0 644
1 2138 999.0 0
1 2144 999.0 644
1 2145 999.0 1207
1 1966 999.0 366
1 1542 999.0 0
1 2141 999.0 1476
1 2146 999.0 1851
1 2032 999.0 0
1 2149 999.0 644
1 2152 999.0 644
1 2156 999.0 461
1 2115 999.0 0
1 2154 999.0 0
1 2159 999.0 366
1 2162 999.0 2075
1 1578 999.0 0
1 2127 999.0 366
1 2137 999.0 0
1 2153 999.0 2020
1 2165 999.0 0
1 2166 999.0 366
1 2167 999.0 366
1 2171 999.0 1476
1 2164 999.0 0
1 2172 999.0 2090
1 2147 999.0 461
1 2148 999.0 366
1 2150 999.0 0
1 2151 999.0 644
1 2157 999.0 0
1 2174 999.0 366
1 2177 999.0 1993
1 2160 999.0 366
1 2168 999.0 1921
1 2105 999.0 0
1 2170 999.0 1207
1 2176 999.0 666
1 2180 999.0 366
1 2184 999.0 1476
1 2155 999.0 0
1 2158 999.0 0
1 2092 999.0 2082
1 1006 999.0 834
1 2075 999.0 1207
1 2173 999.0 461
1 2186 999.0 0
1 2163 999.0 2075
1 2169 999.0 366
1 2179 999.0 1879
1 2187 999.0 0
1 2189 999.0 461
1 2192 999.0 366
1 2188 999.0 0
1 2190 999.0 644
1 2193 999.0 666
1 2197 999.0 366
1 2198 999.0 644
1 1879 999.0 1407
1 2199 999.0 1144
1 2200 999.0 1851
1 2067 999.0 644
1 2206 999.0 0
1 2161 999.0 366
1 2175 999.0 666
1 2185 999.0 0
1 2205 999.0 1144
1 2207 999.0 0
1 2178 999.0 1879
1 2203 999.0 366
1 2205 999.0 1144
1 2209 999.0 366
1 2210 999.0 366
1 2215 999.0 366
1 1921 999.0 366
1 2208 999.0 461
1 2211 999.0 366
1 2126 999.0 666
1 2217 999.0 0
1 2218 999.0 461
1 1276 999.0 0
1 2181 999.0 0
1 2183 999.0 1144
1 2194 999.0 0
1 2204 999.0 0
1 2220 999.0 0
1 2222 999.0 1207
1 2090 999.0 644
1 2214 999.0 1144
1 2221 999.0 366
1 2224 999.0 0
1 2226 999.0 644
1 2020 999.0 666
1 2090 999.0 644
1 2099 999.0 0
1 2194 999.0 0
1 2201 999.0 0
1 2219 999.0 1144
1 2225 999.0 0
1 2229 999.0 0
1 2230 999.0 461
1 2228 999.0 366
1 2084 999.0 0
1 2227 999.0 2102
1 2232 999.0 0
1 2233 999.0 366
1 2235 999.0 0
1 2238 999.0 0
1 2239 999.0 644
1 2213 999.0 644
1 2236 999.0 0
1 2241 999.0 0
1 2182 999.0 1144
1 2212 999.0 644
1 1686 999.0 0
1 2243 999.0 0
1 2244 999.0 0
1 2245 999.0 366
1 2247 999.0 1407
1 2251 999.0 366
1 2129 999.0 0
1 2231 999.0 2096
1 2249 999.0 0
1 2250 999.0 0
1 2253 999.0 0
1 2254 999.0 461
1 2258 999.0 0
1 2261 999.0 366
1 2262 999.0 366
1 2263 999.0 366
1 2264 999.0 366
1 2265 999.0 1207
1 2255 999.0 366
4815 0 999.0 0
2257 366 999.0 0
392 461 999.0 0
1163 644 999.0 0
249 666 999.0 0
34 1011 999.0 0
343 1144 999.0 0
146 1207 999.0 461
101 1407 999.0 1006
68 1476 999.0 0
37 1851 999.0 0
60 1916 999.0 461
32 1920 999.0 0
13 1993 999.0 0
1 2070 999.0 0
6 2096 999.0 366
9 2097 999.0 0
8 2102 999.0 0
15 2109 999.0 1144
1 2125 999.0 2067
32 2130 999.0 644
21 2191 999.0 0
3 2195 999.0 0
28 2196 999.0 366
1 2202 999.0 366
5 2216 999.0 366
8 2223 999.0 1851
6 2234 999.0 0
10 2237 999.0 0
2 2240 999.0 644
7 2242 999.0 0
4 2246 999.0 461
7 2248 999.0 1407
3 2252 999.0 366
3 2256 999.0 1011
2 2257 999.0 1207
4 2259 999.0 0
4 2260 999.0 0
1 2266 999.0 366
1 2267 999.0 461
1 2268 999.0 0
1 2269 999.0 0
1 2270 999.0 366
1 2271 999.0 461
1 2272 999.0 461
1 2273 999.0 366
