Size Id Time Ancestor
1 0   0.0 0
1 1  50.0 0
1 2  50.0 0
1 4  50.0 0
1 6  50.0 0
1 3  50.0 0
1 8  50.0 0
1 10  50.0 0
1 9  50.0 0
1 11  50.0 0
1 13  50.0 0
1 12  50.0 0
1 5  50.0 0
1 17  50.0 0
1 7  50.0 0
1 15  50.0 0
1 16  50.0 0
1 19  50.0 0
1 18  50.0 0
1 22  50.0 0
1 27  50.0 0
1 25  50.0 0
1 29  50.0 0
1 20  50.0 0
1 24  50.0 0
1 30  50.0 0
1 32  50.0 0
1 33  50.0 0
1 21  50.0 0
1 35  50.0 0
1 23  50.0 0
1 34  50.0 0
1 37  50.0 0
1 38  50.0 0
1 17  50.0 0
1 31  50.0 0
1 36  50.0 0
1 40  50.0 0
1 43  50.0 0
9974 0  50.0 0
23 14  50.0 0
6 26  50.0 0
7 28  50.0 0
4 39  50.0 0
1 41  50.0 0
3 42  50.0 0
1 44  50.0 0
1 45  50.0 0
1 41 100.0 0
1 45 100.0 0
1 48 100.0 0
1 47 100.0 0
1 39 100.0 0
1 46 100.0 0
1 49 100.0 0
1 26 100.0 0
1 50 100.0 0
1 51 100.0 0
1 54 100.0 0
1 28 100.0 0
1 52 100.0 0
1 55 100.0 0
1 56 100.0 0
1 57 100.0 0
1 59 100.0 0
1 42 100.0 0
1 58 100.0 0
1 66 100.0 0
1 63 100.0 0
1 64 100.0 0
1 65 100.0 0
1 66 100.0 0
1 73 100.0 0
1 74 100.0 0
1 72 100.0 0
1 75 100.0 0
1 76 100.0 0
1 70 100.0 0
1 78 100.0 0
1 53 100.0 0
1 80 100.0 0
1 81 100.0 0
1 85 100.0 71
1 60 100.0 0
1 68 100.0 0
1 82 100.0 0
1 86 100.0 0
1 77 100.0 0
1 83 100.0 0
1 89 100.0 0
1 88 100.0 0
1 91 100.0 0
1 96 100.0 0
1 87 100.0 0
1 97 100.0 0
1 98 100.0 0
1 71 100.0 0
1 104 100.0 0
1 105 100.0 0
1 84 100.0 14
1 105 100.0 0
1 90 100.0 0
1 107 100.0 0
1 95 100.0 0
1 102 100.0 0
9608 0 100.0 0
122 14 100.0 0
34 44 100.0 0
28 61 100.0 0
7 62 100.0 0
10 67 100.0 0
1 69 100.0 0
21 79 100.0 0
2 92 100.0 0
11 93 100.0 0
7 94 100.0 0
1 99 100.0 0
11 100 100.0 0
3 101 100.0 0
3 103 100.0 0
2 106 100.0 0
3 108 100.0 0
2 109 100.0 0
1 69 150.0 0
1 99 150.0 0
1 103 150.0 0
1 106 150.0 0
1 108 150.0 0
1 109 150.0 0
1 111 150.0 0
1 114 150.0 0
1 110 150.0 0
1 113 150.0 0
1 116 150.0 0
1 115 150.0 0
1 119 150.0 0
1 120 150.0 0
1 101 150.0 0
1 122 150.0 0
1 94 150.0 0
1 99 150.0 0
1 125 150.0 0
1 62 150.0 0
1 93 150.0 0
1 127 150.0 0
1 100 150.0 0
1 121 150.0 0
1 61 150.0 0
1 131 150.0 0
1 112 150.0 0
1 133 150.0 0
1 118 150.0 61
1 123 150.0 0
1 126 150.0 0
1 130 150.0 0
1 137 150.0 0
1 139 150.0 0
1 136 150.0 0
1 141 150.0 0
1 143 150.0 0
1 134 150.0 0
1 140 150.0 0
1 142 150.0 0
1 144 150.0 0
1 132 150.0 0
1 146 150.0 0
1 150 150.0 0
1 124 150.0 0
1 135 150.0 0
1 154 150.0 0
1 155 150.0 0
1 145 150.0 0
1 153 150.0 0
1 129 150.0 0
1 153 150.0 0
1 129 150.0 0
1 147 150.0 0
1 158 150.0 0
1 92 150.0 0
1 157 150.0 0
1 161 150.0 0
1 163 150.0 0
1 148 150.0 79
1 152 150.0 0
1 162 150.0 0
1 151 150.0 0
1 149 150.0 0
1 138 150.0 0
1 159 150.0 0
1 164 150.0 0
1 166 150.0 0
1 168 150.0 160
1 170 150.0 0
1 172 150.0 0
1 171 150.0 0
1 173 150.0 0
1 167 150.0 0
1 169 150.0 0
1 175 150.0 0
1 177 150.0 0
1 165 150.0 14
1 181 150.0 0
1 176 150.0 0
1 179 150.0 0
1 180 150.0 0
1 117 150.0 0
1 183 150.0 0
1 186 150.0 0
1 188 150.0 0
9872 0 150.0 0
139 14 150.0 0
23 44 150.0 0
43 67 150.0 0
58 79 150.0 0
8 128 150.0 0
8 156 150.0 0
11 160 150.0 0
4 174 150.0 14
1 178 150.0 0
5 180 150.0 0
4 182 150.0 0
2 184 150.0 0
6 185 150.0 0
1 187 150.0 0
1 189 150.0 0
1 190 150.0 0
1 191 150.0 0
1 178 200.0 0
1 182 200.0 0
1 187 200.0 0
1 185 200.0 0
1 189 200.0 0
1 190 200.0 0
1 180 200.0 0
1 193 200.0 0
1 194 200.0 0
1 196 200.0 0
1 195 200.0 0
1 156 200.0 0
1 184 200.0 0
1 192 200.0 0
1 178 200.0 0
1 191 200.0 0
1 199 200.0 0
1 198 200.0 0
1 202 200.0 0
1 128 200.0 0
1 200 200.0 0
1 204 200.0 0
1 207 200.0 0
1 201 200.0 0
1 209 200.0 0
1 211 200.0 0
1 215 200.0 0
1 210 200.0 0
1 213 200.0 0
1 209 200.0 0
1 216 200.0 0
1 206 200.0 0
1 206 200.0 0
1 208 200.0 0
1 212 200.0 0
1 219 200.0 0
1 221 200.0 0
1 226 200.0 0
1 227 200.0 0
1 217 200.0 0
1 224 200.0 0
1 228 200.0 0
1 229 200.0 0
1 174 200.0 14
1 220 200.0 0
1 44 200.0 0
1 222 200.0 0
1 231 200.0 0
1 233 200.0 0
1 203 200.0 0
1 237 200.0 0
1 214 200.0 0
1 225 200.0 0
1 230 200.0 0
1 230 200.0 0
1 235 200.0 0
1 239 200.0 0
1 238 200.0 0
1 223 200.0 0
1 234 200.0 0
1 205 200.0 0
1 242 200.0 0
1 244 200.0 0
1 247 200.0 0
1 251 200.0 0
1 236 200.0 0
1 244 200.0 0
1 246 200.0 0
1 250 200.0 0
1 252 200.0 0
1 241 200.0 0
1 254 200.0 0
1 253 200.0 0
1 258 200.0 0
1 218 200.0 0
1 248 200.0 0
1 255 200.0 0
1 260 200.0 0
10136 0 200.0 0
41 14 200.0 0
39 67 200.0 0
30 79 200.0 0
10 160 200.0 0
11 197 200.0 0
22 232 200.0 0
4 240 200.0 0
2 243 200.0 0
4 245 200.0 0
2 249 200.0 0
7 256 200.0 0
5 257 200.0 0
1 259 200.0 0
1 197 250.0 0
1 249 250.0 0
1 259 250.0 0
1 243 250.0 0
1 240 250.0 0
1 257 250.0 0
1 261 250.0 0
1 262 250.0 0
1 264 250.0 0
1 265 250.0 0
1 256 250.0 0
1 268 250.0 0
1 270 250.0 0
1 273 250.0 0
1 245 250.0 0
1 269 250.0 0
1 271 250.0 0
1 263 250.0 0
1 275 250.0 0
1 267 250.0 0
1 278 250.0 0
1 279 250.0 0
1 272 250.0 0
1 276 250.0 0
1 277 250.0 0
1 281 250.0 0
1 282 250.0 0
1 283 250.0 266
1 286 250.0 0
1 290 250.0 0
1 285 250.0 0
1 288 250.0 0
1 291 250.0 0
1 293 250.0 0
1 292 250.0 0
1 294 250.0 0
1 287 250.0 0
1 289 250.0 0
1 295 250.0 0
1 296 250.0 0
1 298 250.0 0
1 299 250.0 0
1 301 250.0 0
1 302 250.0 232
1 305 250.0 0
1 309 250.0 0
1 307 250.0 0
1 304 250.0 0
1 312 250.0 0
1 311 250.0 0
1 313 250.0 0
1 303 250.0 0
1 315 250.0 0
1 318 250.0 0
1 316 250.0 0
1 306 250.0 0
1 319 250.0 0
1 324 250.0 0
1 323 250.0 0
1 300 250.0 0
1 160 250.0 0
1 327 250.0 0
1 317 250.0 0
1 330 250.0 0
1 232 250.0 0
1 320 250.0 0
1 335 250.0 0
1 325 250.0 0
1 334 250.0 0
1 335 250.0 0
9977 0 250.0 0
30 14 250.0 0
4 67 250.0 0
45 79 250.0 0
7 266 250.0 0
10 274 250.0 0
19 280 250.0 0
3 281 250.0 0
26 284 250.0 0
3 297 250.0 0
3 308 250.0 0
5 310 250.0 0
3 314 250.0 0
1 321 250.0 0
4 322 250.0 0
9 326 250.0 0
7 328 250.0 0
1 329 250.0 322
1 331 250.0 0
4 332 250.0 0
3 333 250.0 0
1 336 250.0 0
1 337 250.0 326
1 338 250.0 0
1 339 250.0 0
1 308 300.0 0
1 314 300.0 0
1 329 300.0 322
1 333 300.0 0
1 337 300.0 326
1 338 300.0 0
1 297 300.0 0
1 266 300.0 0
1 331 300.0 0
1 336 300.0 0
1 340 300.0 0
1 67 300.0 0
1 328 300.0 0
1 332 300.0 0
1 339 300.0 0
1 341 300.0 0
1 343 300.0 0
1 321 300.0 0
1 345 300.0 0
1 348 300.0 284
1 349 300.0 0
1 351 300.0 0
1 352 300.0 0
1 353 300.0 0
1 350 300.0 0
1 354 300.0 0
1 355 300.0 326
1 347 300.0 0
1 360 300.0 0
1 342 300.0 0
1 356 300.0 0
1 357 300.0 0
1 362 300.0 0
1 363 300.0 0
1 358 300.0 0
1 359 300.0 0
1 367 300.0 0
1 322 300.0 0
1 326 300.0 0
1 364 300.0 0
1 370 300.0 0
1 371 300.0 0
1 373 300.0 0
1 366 300.0 0
1 375 300.0 0
1 281 300.0 0
1 368 300.0 0
1 310 300.0 0
1 372 300.0 0
1 376 300.0 0
1 378 300.0 0
1 379 300.0 0
1 381 300.0 0
1 382 300.0 0
1 374 300.0 0
1 383 300.0 0
1 386 300.0 0
1 388 300.0 0
1 384 300.0 0
1 387 300.0 0
1 390 300.0 0
1 392 300.0 0
1 361 300.0 0
1 395 300.0 0
1 393 300.0 0
1 14 300.0 0
1 385 300.0 0
1 396 300.0 0
1 397 300.0 0
1 401 300.0 0
9942 0 300.0 0
2 79 300.0 0
5 274 300.0 0
17 280 300.0 0
53 281 300.0 0
12 284 300.0 0
43 344 300.0 0
4 346 300.0 0
11 365 300.0 0
9 369 300.0 0
23 377 300.0 0
8 380 300.0 0
6 389 300.0 0
1 391 300.0 0
8 394 300.0 0
2 398 300.0 0
4 399 300.0 0
3 400 300.0 0
1 402 300.0 0
1 403 300.0 0
1 404 300.0 0
1 391 350.0 0
1 400 350.0 0
1 405 350.0 0
1 274 350.0 0
1 391 350.0 0
1 398 350.0 0
1 404 350.0 0
1 409 350.0 0
1 411 350.0 0
1 412 350.0 281
1 79 350.0 0
1 410 350.0 0
1 408 350.0 0
1 389 350.0 0
1 414 350.0 0
1 415 350.0 0
1 403 350.0 0
1 346 350.0 0
1 413 350.0 0
1 284 350.0 0
1 407 350.0 0
1 419 350.0 0
1 421 350.0 0
1 420 350.0 0
1 416 350.0 0
1 422 350.0 0
1 424 350.0 0
1 417 350.0 0
1 423 350.0 0
1 425 350.0 394
1 426 350.0 0
1 427 350.0 0
1 428 350.0 0
1 416 350.0 0
1 399 350.0 0
1 434 350.0 0
1 429 350.0 394
1 431 350.0 0
1 433 350.0 0
1 402 350.0 0
1 420 350.0 0
1 437 350.0 0
1 440 350.0 0
1 443 350.0 0
1 439 350.0 0
1 436 350.0 0
1 445 350.0 0
1 442 350.0 0
1 446 350.0 0
1 430 350.0 0
1 444 350.0 0
1 450 350.0 0
1 451 350.0 0
1 452 350.0 0
1 454 350.0 0
1 449 350.0 344
1 406 350.0 0
1 452 350.0 0
1 453 350.0 0
1 457 350.0 0
1 456 350.0 0
1 365 350.0 0
1 462 350.0 0
9307 0 350.0 0
44 280 350.0 0
42 281 350.0 0
11 344 350.0 0
72 369 350.0 0
69 377 350.0 0
92 380 350.0 0
134 394 350.0 0
3 418 350.0 0
49 432 350.0 0
2 435 350.0 0
11 438 350.0 0
26 441 350.0 0
8 447 350.0 0
2 448 350.0 0
4 455 350.0 432
2 458 350.0 0
2 459 350.0 0
2 460 350.0 0
3 461 350.0 0
1 463 350.0 0
1 458 400.0 0
1 465 400.0 0
1 418 400.0 0
1 464 400.0 0
1 435 400.0 0
1 460 400.0 0
1 461 400.0 0
1 463 400.0 0
1 470 400.0 0
1 469 400.0 0
1 470 400.0 0
1 475 400.0 0
1 466 400.0 0
1 448 400.0 0
1 478 400.0 0
1 481 400.0 394
1 467 400.0 0
1 480 400.0 0
1 482 400.0 0
1 476 400.0 0
1 483 400.0 0
1 455 400.0 432
1 479 400.0 0
1 480 400.0 0
1 486 400.0 0
1 474 400.0 0
1 484 400.0 0
1 487 400.0 0
1 459 400.0 0
1 477 400.0 0
1 489 400.0 0
1 492 400.0 0
1 494 400.0 0
1 441 400.0 0
1 498 400.0 0
1 344 400.0 0
1 490 400.0 0
1 500 400.0 369
1 504 400.0 432
1 495 400.0 0
1 503 400.0 0
1 505 400.0 0
1 510 400.0 380
1 511 400.0 0
1 512 400.0 0
1 496 400.0 0
1 507 400.0 0
1 509 400.0 0
1 513 400.0 380
1 515 400.0 394
1 508 400.0 0
1 514 400.0 0
1 516 400.0 468
1 488 400.0 0
1 518 400.0 447
1 471 400.0 281
1 517 400.0 0
1 520 400.0 377
1 491 400.0 0
1 501 400.0 0
1 281 400.0 0
1 527 400.0 0
1 499 400.0 0
1 525 400.0 0
1 502 400.0 0
1 521 400.0 0
1 522 400.0 0
1 528 400.0 0
1 531 400.0 0
1 519 400.0 447
1 529 400.0 0
1 506 400.0 0
1 533 400.0 0
1 535 400.0 0
9010 0 400.0 0
75 280 400.0 0
126 369 400.0 0
113 377 400.0 0
92 380 400.0 0
169 394 400.0 0
52 432 400.0 0
9 438 400.0 0
80 447 400.0 0
50 468 400.0 0
42 472 400.0 0
56 473 400.0 0
11 485 400.0 0
25 493 400.0 0
18 497 400.0 0
23 523 400.0 394
3 524 400.0 0
2 526 400.0 0
7 530 400.0 0
2 532 400.0 0
1 534 400.0 0
1 536 450.0 0
1 534 450.0 0
1 530 450.0 0
1 539 450.0 0
1 540 450.0 0
1 541 450.0 0
1 542 450.0 0
1 532 450.0 0
1 544 450.0 523
1 543 450.0 0
1 537 450.0 0
1 545 450.0 473
1 538 450.0 0
1 546 450.0 0
1 547 450.0 0
1 548 450.0 0
1 549 450.0 493
1 551 450.0 0
1 552 450.0 0
1 553 450.0 0
1 550 450.0 0
1 554 450.0 0
1 497 450.0 0
1 558 450.0 0
1 559 450.0 0
1 524 450.0 0
1 555 450.0 493
1 561 450.0 0
1 557 450.0 447
1 564 450.0 0
1 523 450.0 394
1 560 450.0 369
1 562 450.0 0
1 566 450.0 394
1 562 450.0 0
1 438 450.0 0
1 571 450.0 0
1 572 450.0 0
1 568 450.0 0
1 569 450.0 0
1 565 450.0 0
1 567 450.0 0
1 573 450.0 0
1 574 450.0 0
1 576 450.0 0
1 556 450.0 0
1 577 450.0 0
1 580 450.0 0
1 579 450.0 0
1 581 450.0 0
1 582 450.0 0
1 575 450.0 0
1 584 450.0 0
1 585 450.0 0
1 570 450.0 468
1 578 450.0 0
1 587 450.0 0
1 588 450.0 0
1 591 450.0 0
1 526 450.0 0
1 583 450.0 0
1 563 450.0 0
1 590 450.0 0
1 593 450.0 0
1 594 450.0 0
8859 0 450.0 0
107 280 450.0 0
97 369 450.0 0
129 377 450.0 0
37 380 450.0 0
69 394 450.0 0
14 432 450.0 0
139 447 450.0 0
152 468 450.0 0
23 472 450.0 0
96 473 450.0 0
7 485 450.0 0
26 493 450.0 0
4 573 450.0 0
4 586 450.0 369
11 589 450.0 0
3 592 450.0 0
3 595 450.0 0
1 596 450.0 0
1 597 450.0 447
1 598 450.0 472
1 485 500.0 0
1 586 500.0 369
1 597 500.0 447
1 598 500.0 472
1 599 500.0 0
1 601 500.0 0
1 589 500.0 0
1 596 500.0 0
1 604 500.0 0
1 605 500.0 0
1 602 500.0 369
1 600 500.0 0
1 606 500.0 0
1 432 500.0 0
1 607 500.0 0
1 608 500.0 0
1 573 500.0 0
1 609 500.0 0
1 612 500.0 0
1 614 500.0 0
1 613 500.0 0
1 616 500.0 0
1 615 500.0 595
1 619 500.0 473
1 610 500.0 0
1 618 500.0 0
1 620 500.0 0
1 592 500.0 0
1 624 500.0 0
1 493 500.0 0
1 617 500.0 0
1 622 500.0 380
1 625 500.0 0
1 627 500.0 0
1 629 500.0 0
1 626 500.0 0
1 630 500.0 0
1 623 500.0 394
1 634 500.0 0
1 611 500.0 468
1 603 500.0 0
1 628 500.0 0
1 633 500.0 0
1 632 500.0 377
1 635 500.0 0
1 595 500.0 0
1 637 500.0 0
1 638 500.0 0
1 631 500.0 0
1 639 500.0 394
1 640 500.0 0
1 641 500.0 380
1 643 500.0 0
1 369 500.0 0
1 645 500.0 0
1 646 500.0 0
1 647 500.0 0
1 648 500.0 0
1 649 500.0 0
1 644 500.0 0
1 652 500.0 0
9081 0 500.0 0
69 280 500.0 0
225 377 500.0 0
121 380 500.0 0
300 394 500.0 0
17 447 500.0 0
23 468 500.0 0
5 472 500.0 0
148 473 500.0 0
34 621 500.0 0
2 636 500.0 377
1 642 500.0 0
1 650 500.0 0
6 651 500.0 0
2 653 500.0 0
1 654 500.0 0
1 642 550.0 0
1 472 550.0 0
1 656 550.0 0
1 636 550.0 377
1 658 550.0 0
1 660 550.0 394
1 662 550.0 0
1 447 550.0 0
1 664 550.0 0
1 663 550.0 394
1 669 550.0 0
1 650 550.0 0
1 667 550.0 0
1 670 550.0 0
1 671 550.0 280
1 665 550.0 0
1 670 550.0 0
1 657 550.0 0
1 672 550.0 0
1 673 550.0 0
1 676 550.0 0
1 677 550.0 0
1 668 550.0 0
1 654 550.0 0
1 679 550.0 0
1 681 550.0 0
1 651 550.0 0
1 655 550.0 0
1 683 550.0 0
1 678 550.0 0
1 682 550.0 0
1 661 550.0 0
1 653 550.0 0
1 680 550.0 0
1 692 550.0 473
1 687 550.0 0
1 691 550.0 0
1 685 550.0 0
1 684 550.0 0
1 690 550.0 0
1 695 550.0 0
1 701 550.0 0
1 689 550.0 0
1 696 550.0 473
1 621 550.0 0
1 698 550.0 0
1 704 550.0 0
1 706 550.0 394
1 710 550.0 468
1 708 550.0 0
1 712 550.0 0
1 697 550.0 0
1 707 550.0 0
1 711 550.0 0
1 694 550.0 0
1 699 550.0 0
1 709 550.0 0
1 700 550.0 0
1 716 550.0 0
1 715 550.0 0
1 718 550.0 394
1 702 550.0 0
1 714 550.0 394
1 705 550.0 0
1 719 550.0 0
1 688 550.0 0
1 717 550.0 0
1 722 550.0 0
1 723 550.0 0
1 693 550.0 0
1 720 550.0 377
1 724 550.0 0
1 726 550.0 473
1 728 550.0 0
1 721 550.0 0
1 729 550.0 0
1 731 550.0 0
1 730 550.0 0
1 713 550.0 0
1 727 550.0 473
1 736 550.0 0
1 738 550.0 394
8516 0 550.0 0
80 280 550.0 0
335 377 550.0 0
93 380 550.0 0
579 394 550.0 0
65 468 550.0 0
353 473 550.0 0
60 659 550.0 0
27 666 550.0 394
40 674 550.0 0
7 675 550.0 0
3 686 550.0 0
8 703 550.0 377
4 725 550.0 394
6 732 550.0 473
1 733 550.0 0
2 734 550.0 0
2 735 550.0 0
1 737 550.0 0
1 733 600.0 0
1 737 600.0 0
1 739 600.0 394
1 740 600.0 0
1 743 600.0 394
1 741 600.0 0
1 744 600.0 686
1 666 600.0 394
1 748 600.0 377
1 745 600.0 0
1 747 600.0 0
1 750 600.0 0
1 753 600.0 0
1 755 600.0 394
1 686 600.0 0
1 752 600.0 0
1 756 600.0 473
1 760 600.0 0
1 764 600.0 394
1 766 600.0 0
1 757 600.0 0
1 761 600.0 0
1 767 600.0 473
1 768 600.0 394
1 725 600.0 394
1 763 600.0 380
1 765 600.0 0
1 759 600.0 0
1 770 600.0 0
1 771 600.0 0
1 775 600.0 0
1 773 600.0 742
1 774 600.0 0
1 746 600.0 0
1 776 600.0 0
1 777 600.0 473
1 778 600.0 0
1 769 600.0 473
1 779 600.0 0
1 783 600.0 0
1 734 600.0 0
1 780 600.0 0
1 782 600.0 394
1 787 600.0 0
1 788 600.0 0
1 790 600.0 473
1 772 600.0 394
1 786 600.0 0
1 785 600.0 0
1 792 600.0 394
1 796 600.0 0
1 794 600.0 0
1 797 600.0 0
1 793 600.0 0
1 798 600.0 394
1 795 600.0 0
1 799 600.0 0
1 754 600.0 0
1 762 600.0 0
1 789 600.0 0
1 800 600.0 394
1 674 600.0 0
1 659 600.0 0
1 803 600.0 0
1 806 600.0 280
1 807 600.0 473
1 808 600.0 280
1 801 600.0 0
1 805 600.0 473
1 809 600.0 0
1 810 600.0 0
1 804 600.0 0
1 809 600.0 0
1 812 600.0 0
1 815 600.0 0
1 811 600.0 0
1 813 600.0 394
7647 0 600.0 0
33 280 600.0 0
294 377 600.0 0
103 380 600.0 0
813 394 600.0 0
94 468 600.0 0
607 473 600.0 0
22 675 600.0 0
54 703 600.0 377
76 732 600.0 473
59 735 600.0 0
8 742 600.0 0
33 749 600.0 0
40 751 600.0 380
10 758 600.0 377
6 781 600.0 394
23 784 600.0 473
9 791 600.0 751
18 802 600.0 0
2 812 600.0 0
7 814 600.0 0
1 816 600.0 0
2 817 600.0 0
1 818 600.0 781
1 817 650.0 0
1 816 650.0 0
1 821 650.0 394
1 824 650.0 0
1 825 650.0 0
1 819 650.0 0
1 823 650.0 0
1 827 650.0 0
1 828 650.0 0
1 829 650.0 394
1 831 650.0 0
1 820 650.0 0
1 834 650.0 377
1 832 650.0 473
1 812 650.0 0
1 822 650.0 394
1 833 650.0 473
1 837 650.0 0
1 814 650.0 0
1 841 650.0 751
1 791 650.0 751
1 818 650.0 781
1 842 650.0 0
1 847 650.0 473
1 836 650.0 473
1 839 650.0 0
1 844 650.0 0
1 848 650.0 0
1 843 650.0 781
1 835 650.0 394
1 840 650.0 732
1 845 650.0 0
1 850 650.0 0
1 846 650.0 377
1 851 650.0 0
1 852 650.0 0
1 742 650.0 0
1 857 650.0 380
1 853 650.0 0
1 854 650.0 732
1 858 650.0 0
1 861 650.0 0
1 864 650.0 0
1 280 650.0 0
1 849 650.0 0
1 838 650.0 377
1 860 650.0 0
1 865 650.0 0
1 867 650.0 0
1 866 650.0 394
1 856 650.0 473
1 869 650.0 0
1 870 650.0 0
1 859 650.0 749
1 871 650.0 0
1 855 650.0 758
1 873 650.0 473
1 860 650.0 0
1 872 650.0 0
1 784 650.0 473
1 862 650.0 377
1 868 650.0 473
1 874 650.0 473
1 875 650.0 0
1 879 650.0 826
1 882 650.0 0
1 877 650.0 0
1 735 650.0 0
1 887 650.0 751
1 890 650.0 0
1 891 650.0 0
1 892 650.0 0
1 886 650.0 0
1 892 650.0 0
1 893 650.0 0
1 895 650.0 0
1 896 650.0 473
1 878 650.0 0
1 897 650.0 380
7436 0 650.0 0
51 377 650.0 0
241 380 650.0 0
925 394 650.0 0
12 468 650.0 0
757 473 650.0 0
25 675 650.0 0
29 703 650.0 377
128 732 650.0 473
72 749 650.0 0
107 751 650.0 380
19 758 650.0 377
6 781 650.0 394
25 802 650.0 0
2 826 650.0 703
18 830 650.0 473
40 863 650.0 0
2 876 650.0 0
2 880 650.0 0
1 881 650.0 0
2 883 650.0 473
4 884 650.0 0
16 885 650.0 749
8 888 650.0 0
2 889 650.0 0
4 894 650.0 0
1 898 650.0 0
1 899 650.0 0
1 900 650.0 394
1 901 650.0 473
1 902 650.0 473
1 903 650.0 830
1 883 700.0 473
1 902 700.0 473
1 876 700.0 0
1 781 700.0 394
1 889 700.0 0
1 901 700.0 473
1 905 700.0 732
1 899 700.0 0
1 900 700.0 394
1 903 700.0 830
1 906 700.0 0
1 830 700.0 473
1 909 700.0 0
1 880 700.0 0
1 907 700.0 0
1 910 700.0 751
1 912 700.0 0
1 913 700.0 473
1 885 700.0 749
1 916 700.0 394
1 919 700.0 394
1 920 700.0 394
1 924 700.0 380
1 377 700.0 0
1 826 700.0 703
1 911 700.0 394
1 918 700.0 0
1 922 700.0 473
1 928 700.0 473
1 929 700.0 473
1 922 700.0 473
1 923 700.0 394
1 925 700.0 394
1 927 700.0 0
1 898 700.0 0
1 904 700.0 0
1 921 700.0 473
1 926 700.0 0
1 930 700.0 0
1 932 700.0 749
1 933 700.0 0
1 934 700.0 0
1 468 700.0 0
1 917 700.0 0
1 937 700.0 732
1 938 700.0 473
1 935 700.0 0
1 936 700.0 0
1 939 700.0 0
1 939 700.0 0
1 940 700.0 0
1 941 700.0 0
1 802 700.0 0
1 943 700.0 0
1 944 700.0 0
1 945 700.0 0
1 931 700.0 0
1 942 700.0 0
1 946 700.0 732
1 949 700.0 0
1 914 700.0 380
1 948 700.0 394
1 675 700.0 0
1 947 700.0 0
1 950 700.0 0
1 953 700.0 0
1 954 700.0 473
1 955 700.0 732
1 951 700.0 473
1 957 700.0 0
1 751 700.0 380
1 959 700.0 0
1 961 700.0 473
1 963 700.0 732
1 952 700.0 0
1 908 700.0 0
1 958 700.0 0
1 960 700.0 0
1 962 700.0 473
1 964 700.0 394
1 965 700.0 394
1 969 700.0 0
1 973 700.0 0
1 968 700.0 0
1 974 700.0 0
1 976 700.0 732
1 977 700.0 732
1 970 700.0 394
1 979 700.0 0
1 975 700.0 473
1 981 700.0 0
1 980 700.0 473
1 967 700.0 0
1 982 700.0 0
1 972 700.0 0
1 983 700.0 0
1 986 700.0 732
1 988 700.0 0
1 990 700.0 0
7614 0 700.0 0
320 380 700.0 0
697 394 700.0 0
961 473 700.0 0
7 703 700.0 377
199 732 700.0 473
20 749 700.0 0
34 758 700.0 377
12 863 700.0 0
56 881 700.0 0
21 884 700.0 0
29 888 700.0 0
7 894 700.0 0
63 915 700.0 0
4 956 700.0 394
2 966 700.0 0
3 971 700.0 473
9 973 700.0 0
8 978 700.0 0
2 984 700.0 0
2 985 700.0 394
2 987 700.0 0
2 989 700.0 0
1 991 700.0 380
1 992 700.0 884
1 985 750.0 394
1 992 750.0 884
1 984 750.0 0
1 978 750.0 0
1 997 750.0 473
1 863 750.0 0
1 956 750.0 394
1 971 750.0 473
1 989 750.0 0
1 994 750.0 394
1 996 750.0 0
1 991 750.0 380
1 995 750.0 732
1 999 750.0 0
1 998 750.0 0
1 1002 750.0 473
1 998 750.0 0
1 1003 750.0 394
1 1005 750.0 394
1 1006 750.0 0
1 973 750.0 0
1 1004 750.0 380
1 1008 750.0 0
1 1009 750.0 0
1 1007 750.0 0
1 1010 750.0 473
1 703 750.0 377
1 1013 750.0 0
1 987 750.0 0
1 1014 750.0 0
1 1016 750.0 0
1 1000 750.0 0
1 1012 750.0 915
1 1015 750.0 473
1 1026 750.0 380
1 1027 750.0 380
1 884 750.0 0
1 894 750.0 0
1 1023 750.0 0
1 1025 750.0 0
1 1029 750.0 0
1 1021 750.0 0
1 1028 750.0 0
1 1020 750.0 0
1 1033 750.0 394
1 1035 750.0 732
1 993 750.0 0
1 1022 750.0 0
1 1036 750.0 0
1 1039 750.0 394
1 1037 750.0 380
1 1030 750.0 380
1 1045 750.0 758
1 1046 750.0 966
1 1024 750.0 0
1 1034 750.0 394
1 1048 750.0 0
1 1018 750.0 0
1 1047 750.0 0
1 1049 750.0 473
1 1019 750.0 0
1 1038 750.0 380
1 1041 750.0 0
1 1043 750.0 0
1 1050 750.0 0
1 881 750.0 0
1 1017 750.0 0
1 1032 750.0 380
1 1054 750.0 0
1 1056 750.0 0
1 1055 750.0 0
1 1059 750.0 0
1 1060 750.0 0
1 1061 750.0 0
1 1040 750.0 473
1 1051 750.0 0
1 1058 750.0 732
1 1065 750.0 473
1 1068 750.0 394
1 888 750.0 0
1 1053 750.0 380
1 1066 750.0 473
1 1072 750.0 0
1 1073 750.0 749
1 1075 750.0 0
1 1052 750.0 0
1 1067 750.0 0
1 1069 750.0 473
1 1070 750.0 0
1 1071 750.0 0
1 1076 750.0 0
1 1078 750.0 0
1 758 750.0 377
1 1077 750.0 0
7271 0 750.0 0
459 380 750.0 0
448 394 750.0 0
1130 473 750.0 0
125 732 750.0 473
199 749 750.0 0
52 915 750.0 0
7 966 750.0 0
94 1001 750.0 0
4 1011 750.0 473
32 1031 750.0 1018
13 1042 750.0 473
7 1043 750.0 0
31 1044 750.0 0
20 1057 750.0 0
5 1062 750.0 0
1 1063 750.0 0
4 1064 750.0 0
5 1074 750.0 0
3 1079 750.0 0
1 1080 750.0 380
1 1081 750.0 0
1 1082 750.0 0
1 1062 800.0 0
1 1011 800.0 473
1 1082 800.0 0
1 1082 800.0 0
1 1083 800.0 0
1 1086 800.0 473
1 1084 800.0 0
1 1043 800.0 0
1 1063 800.0 0
1 1085 800.0 0
1 1090 800.0 0
1 1093 800.0 394
1 1096 800.0 0
1 1087 800.0 0
1 1097 800.0 0
1 1099 800.0 0
1 1064 800.0 0
1 1089 800.0 380
1 1094 800.0 0
1 1095 800.0 0
1 1088 800.0 0
1 1101 800.0 0
1 1102 800.0 0
1 1081 800.0 0
1 1091 800.0 380
1 1090 800.0 0
1 1104 800.0 473
1 1105 800.0 0
1 1079 800.0 0
1 1100 800.0 0
1 1092 800.0 473
1 1106 800.0 0
1 1109 800.0 0
1 1113 800.0 0
1 966 800.0 0
1 1108 800.0 380
1 1115 800.0 0
1 1110 800.0 0
1 1121 800.0 915
1 1120 800.0 0
1 1117 800.0 749
1 1111 800.0 1044
1 1119 800.0 473
1 1103 800.0 0
1 1114 800.0 0
1 1125 800.0 380
1 1112 800.0 0
1 1074 800.0 0
1 1126 800.0 0
1 1123 800.0 380
1 1124 800.0 0
1 1127 800.0 0
1 1116 800.0 0
1 1130 800.0 1044
1 1131 800.0 0
1 1128 800.0 394
1 1132 800.0 473
1 1080 800.0 380
1 1138 800.0 1001
1 1135 800.0 0
1 1143 800.0 380
1 1141 800.0 0
1 1144 800.0 0
1 1139 800.0 380
1 1137 800.0 380
1 1146 800.0 0
1 1147 800.0 0
1 1149 800.0 0
1 1145 800.0 394
1 1042 800.0 473
1 1151 800.0 0
7582 0 800.0 0
265 380 800.0 0
336 394 800.0 0
857 473 800.0 0
22 732 800.0 473
456 749 800.0 0
5 915 800.0 0
203 1001 800.0 0
91 1031 800.0 1018
6 1044 800.0 0
10 1057 800.0 0
62 1098 800.0 0
66 1101 800.0 0
5 1107 800.0 0
23 1118 800.0 473
1 1122 800.0 0
11 1129 800.0 0
2 1133 800.0 0
4 1134 800.0 0
6 1136 800.0 0
13 1140 800.0 0
1 1142 800.0 0
2 1148 800.0 0
2 1150 800.0 380
1 1152 800.0 0
1 1148 850.0 0
1 1152 850.0 0
1 915 850.0 0
1 1107 850.0 0
1 1133 850.0 0
1 1142 850.0 0
1 1153 850.0 0
1 1122 850.0 0
1 1134 850.0 0
1 1154 850.0 0
1 1156 850.0 380
1 1157 850.0 0
1 1158 850.0 0
1 1160 850.0 0
1 1161 850.0 0
1 1150 850.0 380
1 1140 850.0 0
1 1155 850.0 0
1 1162 850.0 0
1 1166 850.0 0
1 1167 850.0 0
1 1169 850.0 394
1 1171 850.0 0
1 1173 850.0 0
1 1172 850.0 0
1 1175 850.0 749
1 1170 850.0 0
1 1181 850.0 473
1 1174 850.0 749
1 1182 850.0 0
1 1044 850.0 0
1 1179 850.0 1031
1 1180 850.0 0
1 1183 850.0 380
1 1185 850.0 473
1 1188 850.0 473
1 1159 850.0 473
1 1187 850.0 0
1 1184 850.0 0
1 1178 850.0 0
1 1186 850.0 0
1 1190 850.0 0
1 1192 850.0 394
1 1193 850.0 749
1 1196 850.0 394
1 1129 850.0 0
1 1197 850.0 0
1 1163 850.0 0
1 1198 850.0 0
1 1195 850.0 0
1 1199 850.0 0
1 1189 850.0 0
1 1201 850.0 0
1 1202 850.0 1165
1 1204 850.0 0
1 1191 850.0 0
1 1205 850.0 1031
1 1207 850.0 473
1 1210 850.0 473
1 1211 850.0 1031
1 1209 850.0 0
1 1177 850.0 0
1 1194 850.0 0
1 1200 850.0 0
1 1205 850.0 1031
1 1212 850.0 1001
1 1203 850.0 0
1 1213 850.0 749
1 1214 850.0 749
1 1215 850.0 473
1 1209 850.0 0
1 1216 850.0 749
1 1219 850.0 0
1 1222 850.0 473
1 1205 850.0 1031
1 1223 850.0 380
1 1227 850.0 473
1 1230 850.0 1001
1 1217 850.0 1031
1 1229 850.0 0
1 1232 850.0 1208
7093 0 850.0 0
183 380 850.0 0
303 394 850.0 0
904 473 850.0 0
11 732 850.0 473
579 749 850.0 0
288 1001 850.0 0
218 1031 850.0 1018
125 1057 850.0 0
4 1098 850.0 0
30 1101 850.0 0
5 1118 850.0 473
102 1136 850.0 0
8 1164 850.0 749
45 1165 850.0 0
3 1168 850.0 0
18 1176 850.0 394
2 1206 850.0 0
16 1208 850.0 473
5 1218 850.0 1164
1 1220 850.0 0
2 1221 850.0 0
2 1224 850.0 0
21 1225 850.0 0
4 1226 850.0 749
2 1228 850.0 0
1 1231 850.0 1057
1 1233 850.0 0
1 1098 900.0 0
1 1224 900.0 0
1 1231 900.0 1057
1 1118 900.0 473
1 1220 900.0 0
1 1218 900.0 1164
1 1236 900.0 0
1 1238 900.0 394
1 1239 900.0 473
1 1168 900.0 0
1 1237 900.0 0
1 1240 900.0 0
1 1242 900.0 473
1 1247 900.0 1001
1 1249 900.0 1136
1 732 900.0 473
1 1233 900.0 0
1 1248 900.0 1206
1 1250 900.0 0
1 1252 900.0 380
1 1244 900.0 1226
1 1251 900.0 380
1 1254 900.0 380
1 1255 900.0 1001
1 1245 900.0 0
1 1253 900.0 473
1 1176 900.0 394
1 1228 900.0 0
1 1258 900.0 0
1 1165 900.0 0
1 1234 900.0 1001
1 1260 900.0 0
1 1256 900.0 0
1 1261 900.0 1031
1 1243 900.0 0
1 1267 900.0 1136
1 1271 900.0 749
1 1259 900.0 394
1 1270 900.0 749
1 1241 900.0 473
1 1268 900.0 0
1 1273 900.0 0
1 1262 900.0 1031
1 1263 900.0 0
1 1269 900.0 0
1 1274 900.0 0
1 1275 900.0 0
1 1265 900.0 0
1 1276 900.0 0
1 1277 900.0 0
1 1266 900.0 1001
1 1262 900.0 1031
1 1278 900.0 0
1 1266 900.0 1001
1 1283 900.0 0
1 1284 900.0 749
1 1285 900.0 0
1 1286 900.0 1136
1 1288 900.0 0
1 1280 900.0 1057
1 1287 900.0 0
1 1289 900.0 0
1 1272 900.0 0
1 1279 900.0 0
1 1208 900.0 473
1 1282 900.0 0
1 1292 900.0 0
1 1295 900.0 749
1 1101 900.0 0
1 1257 900.0 0
1 1293 900.0 0
1 1296 900.0 0
1 1297 900.0 380
1 1281 900.0 0
1 1299 900.0 1031
1 1294 900.0 0
1 1301 900.0 0
1 1302 900.0 473
1 1291 900.0 749
1 1303 900.0 0
1 1307 900.0 380
1 1298 900.0 1031
1 1306 900.0 0
1 1310 900.0 473
1 1306 900.0 0
1 1308 900.0 1031
1 1311 900.0 0
1 1312 900.0 0
1 1313 900.0 473
1 1317 900.0 0
1 1318 900.0 380
1 1206 900.0 0
1 1235 900.0 473
1 1320 900.0 749
1 1316 900.0 0
1 1304 900.0 749
1 1321 900.0 394
1 1322 900.0 473
1 1324 900.0 749
1 1290 900.0 473
1 1314 900.0 473
1 1326 900.0 1031
7174 0 900.0 0
293 380 900.0 0
311 394 900.0 0
1234 473 900.0 0
599 749 900.0 0
125 1001 900.0 0
203 1031 900.0 1018
37 1057 900.0 0
86 1136 900.0 0
24 1164 900.0 749
45 1221 900.0 0
33 1225 900.0 0
13 1226 900.0 749
4 1246 900.0 0
15 1264 900.0 0
8 1300 900.0 473
11 1305 900.0 0
5 1309 900.0 1031
3 1315 900.0 0
9 1319 900.0 749
2 1323 900.0 473
3 1325 900.0 0
2 1327 900.0 749
2 1328 900.0 749
1 1329 900.0 394
1 1315 950.0 0
1 1329 950.0 394
1 1305 950.0 0
1 1331 950.0 0
1 1330 950.0 0
1 1333 950.0 380
1 1300 950.0 473
1 1336 950.0 380
1 1338 950.0 394
1 1325 950.0 0
1 1328 950.0 749
1 1340 950.0 473
1 1341 950.0 1225
1 1327 950.0 749
1 1342 950.0 473
1 1323 950.0 473
1 1327 950.0 749
1 1332 950.0 0
1 1344 950.0 1031
1 1347 950.0 0
1 1346 950.0 0
1 1348 950.0 749
1 1337 950.0 473
1 1221 950.0 0
1 1350 950.0 0
1 1309 950.0 1031
1 1339 950.0 0
1 1354 950.0 0
1 1334 950.0 394
1 1356 950.0 749
1 1264 950.0 0
1 1359 950.0 473
1 1343 950.0 0
1 1358 950.0 0
1 1360 950.0 394
1 1349 950.0 749
1 1362 950.0 0
1 1363 950.0 0
1 1364 950.0 0
1 1352 950.0 749
1 1366 950.0 0
1 1225 950.0 0
1 1368 950.0 0
1 1365 950.0 0
1 1367 950.0 0
1 1374 950.0 0
1 1376 950.0 0
1 1355 950.0 0
1 1377 950.0 0
1 1369 950.0 0
1 1378 950.0 473
1 1381 950.0 749
1 1383 950.0 1001
1 1057 950.0 0
1 1384 950.0 1031
1 1386 950.0 473
1 1387 950.0 1335
1 1319 950.0 749
1 1389 950.0 0
1 1345 950.0 749
1 1382 950.0 749
1 1391 950.0 473
1 1372 950.0 394
1 1392 950.0 0
1 1393 950.0 0
1 1394 950.0 0
1 1396 950.0 394
1 1398 950.0 380
1 1388 950.0 1031
1 1399 950.0 473
1 1402 950.0 1335
1 1357 950.0 749
1 1357 950.0 749
1 1373 950.0 394
1 1375 950.0 0
1 1390 950.0 0
1 1397 950.0 473
1 1403 950.0 1335
1 1385 950.0 394
1 1405 950.0 1031
1 1406 950.0 0
1 1408 950.0 0
1 1355 950.0 0
1 1379 950.0 749
1 1395 950.0 380
1 1371 950.0 394
1 1401 950.0 380
1 1400 950.0 0
1 1409 950.0 394
1 1410 950.0 473
1 1407 950.0 380
1 1415 950.0 0
1 1411 950.0 0
1 1414 950.0 0
6571 0 950.0 0
330 380 950.0 0
349 394 950.0 0
969 473 950.0 0
883 749 950.0 0
171 1001 950.0 0
259 1031 950.0 1018
63 1136 950.0 0
2 1164 950.0 749
41 1226 950.0 749
2 1246 950.0 0
74 1335 950.0 0
11 1351 950.0 0
32 1353 950.0 0
51 1361 950.0 1352
4 1370 950.0 0
15 1380 950.0 0
2 1404 950.0 0
1 1412 950.0 0
10 1413 950.0 473
1 1414 950.0 0
3 1416 950.0 0
4 1417 950.0 1001
1 1418 950.0 0
1 1419 950.0 749
1 1420 950.0 1031
1 1421 950.0 1031
1 1404 999.0 0
1 1414 999.0 0
1 1418 999.0 0
1 1419 999.0 749
1 1412 999.0 0
1 1420 999.0 1031
1 1422 999.0 0
1 1424 999.0 394
1 1423 999.0 0
1 1425 999.0 1001
1 1426 999.0 394
1 1428 999.0 473
1 1246 999.0 0
1 1431 999.0 380
1 1433 999.0 749
1 1421 999.0 1031
1 1434 999.0 380
1 1164 999.0 749
1 1437 999.0 0
1 1439 999.0 1031
1 1370 999.0 0
1 1432 999.0 473
1 1435 999.0 0
1 1436 999.0 0
1 1438 999.0 473
1 1440 999.0 0
1 1430 999.0 749
1 1441 999.0 0
1 1443 999.0 380
1 1444 999.0 0
1 1445 999.0 0
1 1446 999.0 749
1 1450 999.0 1001
1 1442 999.0 380
1 1453 999.0 0
1 1451 999.0 0
1 1457 999.0 380
1 1460 999.0 1001
1 1447 999.0 473
1 1458 999.0 0
1 1459 999.0 0
1 1454 999.0 749
1 1462 999.0 0
1 1417 999.0 1001
1 1427 999.0 394
1 1463 999.0 394
1 1469 999.0 749
1 1449 999.0 0
1 1471 999.0 0
1 1473 999.0 1351
1 1474 999.0 473
1 1461 999.0 0
1 1475 999.0 473
1 1470 999.0 0
1 1456 999.0 0
1 1476 999.0 380
1 1480 999.0 394
1 1449 999.0 0
1 1466 999.0 0
1 1472 999.0 473
1 1477 999.0 380
1 1484 999.0 473
1 1449 999.0 0
1 1486 999.0 394
1 1226 999.0 749
1 1478 999.0 473
1 1485 999.0 0
1 1448 999.0 1417
1 1465 999.0 380
1 1479 999.0 394
1 1487 999.0 394
1 1490 999.0 0
1 1488 999.0 0
1 1489 999.0 1361
1 1492 999.0 749
1 1494 999.0 1416
1 1495 999.0 1136
1 1496 999.0 1429
1 1493 999.0 1136
1 1452 999.0 0
1 1497 999.0 0
1 1498 999.0 0
1 1501 999.0 0
1 1503 999.0 473
1 1482 999.0 0
1 1500 999.0 0
1 1505 999.0 0
1 1506 999.0 749
1 1508 999.0 1031
1 1482 999.0 0
1 1507 999.0 1031
1 1509 999.0 1361
1 1468 999.0 0
1 1481 999.0 0
1 1488 999.0 0
1 1491 999.0 0
1 1502 999.0 0
1 1504 999.0 1136
1 1353 999.0 0
1 1513 999.0 0
1 1514 999.0 0
1 1467 999.0 0
1 1511 999.0 0
1 1516 999.0 0
1 1517 999.0 749
1 1520 999.0 0
1 1510 999.0 1455
1 1521 999.0 1001
1 1523 999.0 0
1 1526 999.0 749
1 1527 999.0 473
1 1519 999.0 749
1 1483 999.0 1136
1 1518 999.0 1136
1 1529 999.0 0
1 1530 999.0 0
1 1531 999.0 1031
1 1522 999.0 0
1 1528 999.0 473
1 1524 999.0 0
1 1533 999.0 749
1 1536 999.0 0
1 1537 999.0 0
1 1534 999.0 1136
1 1539 999.0 0
1 1540 999.0 749
1 1538 999.0 394
1 1539 999.0 0
1 1532 999.0 0
1 1543 999.0 0
6606 0 999.0 0
117 380 999.0 0
404 394 999.0 0
674 473 999.0 0
1075 749 999.0 0
176 1001 999.0 0
242 1031 999.0 1018
156 1136 999.0 0
153 1335 999.0 0
17 1351 999.0 0
56 1361 999.0 1352
11 1380 999.0 0
25 1413 999.0 473
64 1416 999.0 0
19 1429 999.0 749
4 1455 999.0 1031
21 1464 999.0 749
19 1499 999.0 473
6 1512 999.0 749
8 1515 999.0 1136
4 1524 999.0 0
14 1525 999.0 473
1 1535 999.0 1335
3 1541 999.0 0
1 1542 999.0 0
2 1544 999.0 1001
1 1545 999.0 0
1 1546 999.0 0
1 1547 999.0 0
